0 0 0 0  - 0 - 0 
0 0 0 0  - 1 - 0 
0 0 0 0  - 2 - 0 
0 0 0 0  - 3 - 0 
0 0 0 0  - 4 - 0 
0 0 0 0  - 5 - 0 
0 0 0 0  - 6 - 0 
0 0 0 0  - 7 - 0 
0 0 0 0  - 8 - 0 
0 0 0 0  - 9 - 0 
0 0 0 0  - 10 - 0 
0 0 0 0  - 11 - 0 
0 0 0 0  - 12 - 0 
0 0 0 0  - 13 - 0 
255 0 0 1  - 14 - 0 
255 0 127 2  - 15 - 0 
0 1 1 0  - 16 - 0 
0 1 1 0  - 17 - 0 
0 0 0 0  - 18 - 0 
0 0 0 0  - 19 - 0 
137 0 0 13  - 20 - 0 
184 0 0 36  - 21 - 0 
197 0 0 58  - 22 - 0 
200 0 0 75  - 23 - 0 
205 0 0 83  - 24 - 0 
205 0 0 83  - 25 - 0 
204 0 0 75  - 26 - 0 
198 0 0 59  - 27 - 0 
179 0 0 37  - 28 - 0 
127 0 0 14  - 29 - 0 
0 0 0 0  - 30 - 0 
0 0 0 0  - 31 - 0 
0 1 1 0  - 32 - 0 
0 2 2 0  - 33 - 0 
255 127 127 2  - 34 - 0 
255 0 0 1  - 35 - 0 
0 0 0 0  - 36 - 0 
0 0 0 0  - 37 - 0 
0 0 0 0  - 38 - 0 
0 0 0 0  - 39 - 0 
0 0 0 0  - 40 - 0 
0 0 0 0  - 41 - 0 
0 0 0 0  - 42 - 0 
0 0 0 0  - 43 - 0 
0 0 0 0  - 44 - 0 
0 0 0 0  - 45 - 0 
0 0 0 0  - 46 - 0 
0 0 0 0  - 47 - 0 
0 0 0 0  - 48 - 0 
0 0 0 0  - 49 - 0 
0 0 0 0  - 0 - 1 
0 0 0 0  - 1 - 1 
0 0 0 0  - 2 - 1 
0 0 0 0  - 3 - 1 
0 0 0 0  - 4 - 1 
0 0 0 0  - 5 - 1 
0 0 0 0  - 6 - 1 
0 0 0 0  - 7 - 1 
0 0 0 0  - 8 - 1 
0 0 0 0  - 9 - 1 
0 0 0 0  - 10 - 1 
0 0 0 0  - 11 - 1 
255 0 0 1  - 12 - 1 
255 0 0 2  - 13 - 1 
0 1 1 0  - 14 - 1 
0 0 0 0  - 15 - 1 
0 0 0 6  - 16 - 1 
192 0 0 49  - 17 - 1 
214 9 14 106  - 18 - 1 
224 38 43 159  - 19 - 1 
230 67 70 200  - 20 - 1 
234 92 94 226  - 21 - 1 
237 113 116 239  - 22 - 1 
239 128 130 247  - 23 - 1 
241 135 138 250  - 24 - 1 
240 137 140 250  - 25 - 1 
239 133 136 247  - 26 - 1 
239 122 125 240  - 27 - 1 
236 105 109 225  - 28 - 1 
232 84 87 200  - 29 - 1 
226 55 60 160  - 30 - 1 
214 23 28 107  - 31 - 1 
193 0 0 50  - 32 - 1 
0 0 0 7  - 33 - 1 
0 0 0 0  - 34 - 1 
0 1 1 0  - 35 - 1 
255 127 127 2  - 36 - 1 
255 0 0 1  - 37 - 1 
0 0 0 0  - 38 - 1 
0 0 0 0  - 39 - 1 
0 0 0 0  - 40 - 1 
0 0 0 0  - 41 - 1 
0 0 0 0  - 42 - 1 
0 0 0 0  - 43 - 1 
0 0 0 0  - 44 - 1 
0 0 0 0  - 45 - 1 
0 0 0 0  - 46 - 1 
0 0 0 0  - 47 - 1 
0 0 0 0  - 48 - 1 
0 0 0 0  - 49 - 1 
0 0 0 0  - 0 - 2 
0 0 0 0  - 1 - 2 
0 0 0 0  - 2 - 2 
0 0 0 0  - 3 - 2 
0 0 0 0  - 4 - 2 
0 0 0 0  - 5 - 2 
0 0 0 0  - 6 - 2 
0 0 0 0  - 7 - 2 
0 0 0 0  - 8 - 2 
0 0 0 0  - 9 - 2 
0 0 0 0  - 10 - 2 
255 0 0 2  - 11 - 2 
0 0 0 0  - 12 - 2 
0 0 0 0  - 13 - 2 
153 0 0 25  - 14 - 2 
207 5 10 102  - 15 - 2 
225 45 50 183  - 16 - 2 
235 95 98 237  - 17 - 2 
248 150 152 255  - 18 - 2 
255 198 200 255  - 19 - 2 
255 230 230 255  - 20 - 2 
255 247 247 255  - 21 - 2 
254 255 255 255  - 22 - 2 
253 255 255 254  - 23 - 2 
252 255 255 254  - 24 - 2 
252 255 255 254  - 25 - 2 
253 255 255 254  - 26 - 2 
254 255 255 255  - 27 - 2 
255 252 252 255  - 28 - 2 
255 240 240 255  - 29 - 2 
255 217 217 255  - 30 - 2 
250 177 178 255  - 31 - 2 
238 127 129 238  - 32 - 2 
230 76 78 184  - 33 - 2 
212 19 24 103  - 34 - 2 
156 0 0 26  - 35 - 2 
0 0 0 0  - 36 - 2 
0 1 1 0  - 37 - 2 
255 0 0 2  - 38 - 2 
0 0 0 0  - 39 - 2 
0 0 0 0  - 40 - 2 
0 0 0 0  - 41 - 2 
0 0 0 0  - 42 - 2 
0 0 0 0  - 43 - 2 
0 0 0 0  - 44 - 2 
0 0 0 0  - 45 - 2 
0 0 0 0  - 46 - 2 
0 0 0 0  - 47 - 2 
0 0 0 0  - 48 - 2 
0 0 0 0  - 49 - 2 
0 0 0 0  - 0 - 3 
0 0 0 0  - 1 - 3 
0 0 0 0  - 2 - 3 
0 0 0 0  - 3 - 3 
0 0 0 0  - 4 - 3 
0 0 0 0  - 5 - 3 
0 0 0 0  - 6 - 3 
0 0 0 0  - 7 - 3 
0 0 0 0  - 8 - 3 
255 0 0 1  - 9 - 3 
255 0 0 1  - 10 - 3 
0 0 0 0  - 11 - 3 
140 0 12 20  - 12 - 3 
211 6 13 112  - 13 - 3 
229 52 56 209  - 14 - 3 
241 124 127 255  - 15 - 3 
254 202 203 255  - 16 - 3 
252 245 245 255  - 17 - 3 
253 255 255 251  - 18 - 3 
252 255 255 251  - 19 - 3 
252 255 255 251  - 20 - 3 
252 255 255 252  - 21 - 3 
252 252 252 252  - 22 - 3 
252 251 251 252  - 23 - 3 
251 250 250 253  - 24 - 3 
251 250 250 253  - 25 - 3 
252 251 251 252  - 26 - 3 
252 251 251 252  - 27 - 3 
252 253 253 252  - 28 - 3 
252 255 255 251  - 29 - 3 
252 255 255 251  - 30 - 3 
253 255 255 251  - 31 - 3 
253 255 255 255  - 32 - 3 
255 229 229 255  - 33 - 3 
244 166 167 255  - 34 - 3 
234 93 97 210  - 35 - 3 
212 24 26 115  - 36 - 3 
150 0 0 22  - 37 - 3 
0 0 0 0  - 38 - 3 
1 0 0 0  - 39 - 3 
255 0 0 1  - 40 - 3 
0 0 0 0  - 41 - 3 
0 0 0 0  - 42 - 3 
0 0 0 0  - 43 - 3 
0 0 0 0  - 44 - 3 
0 0 0 0  - 45 - 3 
0 0 0 0  - 46 - 3 
0 0 0 0  - 47 - 3 
0 0 0 0  - 48 - 3 
0 0 0 0  - 49 - 3 
0 0 0 0  - 0 - 4 
0 0 0 0  - 1 - 4 
0 0 0 0  - 2 - 4 
0 0 0 0  - 3 - 4 
0 0 0 0  - 4 - 4 
0 0 0 0  - 5 - 4 
0 0 0 0  - 6 - 4 
0 0 0 0  - 7 - 4 
127 0 0 2  - 8 - 4 
0 0 0 0  - 9 - 4 
0 1 1 0  - 10 - 4 
198 13 16 77  - 11 - 4 
226 29 33 196  - 12 - 4 
241 106 109 255  - 13 - 4 
252 206 208 255  - 14 - 4 
251 255 255 252  - 15 - 4 
252 255 255 251  - 16 - 4 
252 253 253 252  - 17 - 4 
252 249 249 253  - 18 - 4 
252 249 249 253  - 19 - 4 
252 250 250 253  - 20 - 4 
252 250 251 253  - 21 - 4 
252 251 251 253  - 22 - 4 
252 251 251 253  - 23 - 4 
252 251 251 253  - 24 - 4 
252 251 251 253  - 25 - 4 
252 251 251 253  - 26 - 4 
252 251 251 253  - 27 - 4 
252 251 251 253  - 28 - 4 
252 250 250 253  - 29 - 4 
252 250 250 253  - 30 - 4 
252 249 249 253  - 31 - 4 
252 251 251 252  - 32 - 4 
252 255 255 251  - 33 - 4 
252 255 255 252  - 34 - 4 
255 239 239 255  - 35 - 4 
244 161 163 255  - 36 - 4 
229 66 72 198  - 37 - 4 
203 3 9 79  - 38 - 4 
0 0 0 0  - 39 - 4 
0 0 0 0  - 40 - 4 
255 0 0 2  - 41 - 4 
0 0 0 0  - 42 - 4 
0 0 0 0  - 43 - 4 
0 0 0 0  - 44 - 4 
0 0 0 0  - 45 - 4 
0 0 0 0  - 46 - 4 
0 0 0 0  - 47 - 4 
0 0 0 0  - 48 - 4 
0 0 0 0  - 49 - 4 
0 0 0 0  - 0 - 5 
0 0 0 0  - 1 - 5 
0 0 0 0  - 2 - 5 
0 0 0 0  - 3 - 5 
0 0 0 0  - 4 - 5 
0 0 0 0  - 5 - 5 
0 0 0 0  - 6 - 5 
255 0 0 2  - 7 - 5 
0 0 0 0  - 8 - 5 
120 30 30 17  - 9 - 5 
213 17 20 135  - 10 - 5 
232 44 48 242  - 11 - 5 
248 154 155 255  - 12 - 5 
249 244 242 252  - 13 - 5 
252 255 253 251  - 14 - 5 
251 246 244 253  - 15 - 5 
251 245 244 253  - 16 - 5 
251 246 245 253  - 17 - 5 
251 247 245 253  - 18 - 5 
251 246 245 253  - 19 - 5 
251 247 245 253  - 20 - 5 
251 247 245 253  - 21 - 5 
251 247 245 253  - 22 - 5 
251 247 245 253  - 23 - 5 
251 247 245 253  - 24 - 5 
251 247 245 253  - 25 - 5 
251 247 245 253  - 26 - 5 
251 247 245 253  - 27 - 5 
251 247 245 253  - 28 - 5 
251 247 245 253  - 29 - 5 
251 247 245 253  - 30 - 5 
251 246 245 253  - 31 - 5 
251 247 245 253  - 32 - 5 
252 245 244 253  - 33 - 5 
251 245 243 253  - 34 - 5 
252 250 249 251  - 35 - 5 
251 255 253 252  - 36 - 5 
253 210 210 255  - 37 - 5 
237 94 97 243  - 38 - 5 
217 18 24 137  - 39 - 5 
150 15 15 17  - 40 - 5 
0 0 0 0  - 41 - 5 
255 0 0 2  - 42 - 5 
0 0 0 0  - 43 - 5 
0 0 0 0  - 44 - 5 
0 0 0 0  - 45 - 5 
0 0 0 0  - 46 - 5 
0 0 0 0  - 47 - 5 
0 0 0 0  - 48 - 5 
0 0 0 0  - 49 - 5 
0 0 0 0  - 0 - 6 
0 0 0 0  - 1 - 6 
0 0 0 0  - 2 - 6 
0 0 0 0  - 3 - 6 
0 0 0 0  - 4 - 6 
0 0 0 0  - 5 - 6 
255 0 0 2  - 6 - 6 
0 0 0 0  - 7 - 6 
165 22 22 34  - 8 - 6 
221 19 23 173  - 9 - 6 
235 47 50 255  - 10 - 6 
244 165 161 254  - 11 - 6 
250 242 234 251  - 12 - 6 
250 235 229 253  - 13 - 6 
250 233 226 253  - 14 - 6 
250 235 228 253  - 15 - 6 
250 235 228 253  - 16 - 6 
250 235 228 253  - 17 - 6 
250 235 228 253  - 18 - 6 
250 235 228 253  - 19 - 6 
250 235 228 253  - 20 - 6 
250 235 228 253  - 21 - 6 
250 235 228 253  - 22 - 6 
250 235 228 253  - 23 - 6 
250 235 228 253  - 24 - 6 
250 235 228 253  - 25 - 6 
250 235 228 253  - 26 - 6 
250 235 228 253  - 27 - 6 
250 235 228 253  - 28 - 6 
250 235 228 253  - 29 - 6 
250 235 228 253  - 30 - 6 
250 235 228 253  - 31 - 6 
250 235 228 253  - 32 - 6 
250 235 228 253  - 33 - 6 
250 235 228 253  - 34 - 6 
250 234 228 253  - 35 - 6 
250 233 226 253  - 36 - 6 
250 242 235 251  - 37 - 6 
248 218 212 254  - 38 - 6 
240 101 102 255  - 39 - 6 
223 21 26 176  - 40 - 6 
174 14 21 35  - 41 - 6 
0 0 0 0  - 42 - 6 
255 0 0 2  - 43 - 6 
0 0 0 0  - 44 - 6 
0 0 0 0  - 45 - 6 
0 0 0 0  - 46 - 6 
0 0 0 0  - 47 - 6 
0 0 0 0  - 48 - 6 
0 0 0 0  - 49 - 6 
0 0 0 0  - 0 - 7 
0 0 0 0  - 1 - 7 
0 0 0 0  - 2 - 7 
0 0 0 0  - 3 - 7 
0 0 0 0  - 4 - 7 
127 0 0 2  - 5 - 7 
0 0 0 0  - 6 - 7 
170 18 24 42  - 7 - 7 
224 22 27 192  - 8 - 7 
237 36 40 255  - 9 - 7 
243 149 143 251  - 10 - 7 
249 227 215 252  - 11 - 7 
249 221 209 253  - 12 - 7 
249 221 209 253  - 13 - 7 
249 222 210 253  - 14 - 7 
249 222 210 253  - 15 - 7 
249 222 210 253  - 16 - 7 
249 222 210 253  - 17 - 7 
249 222 210 253  - 18 - 7 
249 222 210 253  - 19 - 7 
249 222 210 253  - 20 - 7 
249 222 210 253  - 21 - 7 
249 222 210 253  - 22 - 7 
249 222 210 253  - 23 - 7 
249 222 210 253  - 24 - 7 
249 222 210 253  - 25 - 7 
249 222 210 253  - 26 - 7 
249 222 210 253  - 27 - 7 
249 222 210 253  - 28 - 7 
249 222 210 253  - 29 - 7 
249 222 210 253  - 30 - 7 
249 222 210 253  - 31 - 7 
249 222 210 253  - 32 - 7 
249 222 210 253  - 33 - 7 
249 222 210 253  - 34 - 7 
249 222 210 253  - 35 - 7 
249 222 210 253  - 36 - 7 
249 220 208 253  - 37 - 7 
249 226 214 252  - 38 - 7 
247 206 196 251  - 39 - 7 
241 84 84 255  - 40 - 7 
226 19 24 195  - 41 - 7 
183 23 23 43  - 42 - 7 
0 0 0 0  - 43 - 7 
255 0 0 2  - 44 - 7 
0 0 0 0  - 45 - 7 
0 0 0 0  - 46 - 7 
0 0 0 0  - 47 - 7 
0 0 0 0  - 48 - 7 
0 0 0 0  - 49 - 7 
0 0 0 0  - 0 - 8 
0 0 0 0  - 1 - 8 
0 0 0 0  - 2 - 8 
0 0 0 0  - 3 - 8 
255 0 0 1  - 4 - 8 
0 0 0 0  - 5 - 8 
167 14 21 35  - 6 - 8 
223 25 30 193  - 7 - 8 
237 24 29 255  - 8 - 8 
238 104 99 251  - 9 - 8 
248 208 192 252  - 10 - 8 
248 210 193 253  - 11 - 8 
248 209 193 253  - 12 - 8 
248 210 193 253  - 13 - 8 
248 210 193 253  - 14 - 8 
248 210 193 253  - 15 - 8 
248 210 193 253  - 16 - 8 
248 210 193 253  - 17 - 8 
248 210 193 253  - 18 - 8 
248 210 193 253  - 19 - 8 
248 210 193 253  - 20 - 8 
248 210 193 253  - 21 - 8 
248 210 193 253  - 22 - 8 
249 210 193 253  - 23 - 8 
248 210 193 253  - 24 - 8 
248 210 193 253  - 25 - 8 
248 210 193 253  - 26 - 8 
248 210 193 253  - 27 - 8 
248 210 193 253  - 28 - 8 
248 210 193 253  - 29 - 8 
248 210 193 253  - 30 - 8 
248 210 193 253  - 31 - 8 
248 210 193 253  - 32 - 8 
249 210 193 253  - 33 - 8 
248 210 193 253  - 34 - 8 
248 210 193 253  - 35 - 8 
248 210 193 253  - 36 - 8 
248 210 193 253  - 37 - 8 
248 208 192 253  - 38 - 8 
249 215 198 252  - 39 - 8 
243 173 160 251  - 40 - 8 
239 48 50 255  - 41 - 8 
226 20 27 197  - 42 - 8 
179 20 27 37  - 43 - 8 
0 0 0 0  - 44 - 8 
255 0 0 1  - 45 - 8 
0 0 0 0  - 46 - 8 
0 0 0 0  - 47 - 8 
0 0 0 0  - 48 - 8 
0 0 0 0  - 49 - 8 
0 0 0 0  - 0 - 9 
0 0 0 0  - 1 - 9 
0 0 0 0  - 2 - 9 
255 0 0 1  - 3 - 9 
1 0 0 0  - 4 - 9 
147 13 13 19  - 5 - 9 
222 25 30 178  - 6 - 9 
238 24 30 255  - 7 - 9 
235 47 48 250  - 8 - 9 
243 167 151 253  - 9 - 9 
247 202 183 253  - 10 - 9 
247 197 178 253  - 11 - 9 
247 198 180 253  - 12 - 9 
247 198 179 253  - 13 - 9 
247 198 179 253  - 14 - 9 
247 198 179 253  - 15 - 9 
247 198 179 253  - 16 - 9 
247 198 179 253  - 17 - 9 
247 198 179 253  - 18 - 9 
247 198 179 253  - 19 - 9 
247 198 179 253  - 20 - 9 
247 198 179 253  - 21 - 9 
247 198 179 253  - 22 - 9 
247 198 179 253  - 23 - 9 
247 198 180 253  - 24 - 9 
247 198 179 253  - 25 - 9 
247 198 179 253  - 26 - 9 
247 198 179 253  - 27 - 9 
247 198 179 253  - 28 - 9 
247 198 179 253  - 29 - 9 
247 198 179 253  - 30 - 9 
247 198 179 253  - 31 - 9 
247 198 179 253  - 32 - 9 
248 198 179 253  - 33 - 9 
248 198 179 253  - 34 - 9 
247 198 179 253  - 35 - 9 
247 198 179 253  - 36 - 9 
247 198 179 253  - 37 - 9 
247 198 179 253  - 38 - 9 
247 197 178 253  - 39 - 9 
246 200 181 253  - 40 - 9 
239 108 100 250  - 41 - 9 
239 23 28 255  - 42 - 9 
224 25 30 182  - 43 - 9 
157 12 24 21  - 44 - 9 
1 0 0 0  - 45 - 9 
255 0 0 1  - 46 - 9 
0 0 0 0  - 47 - 9 
0 0 0 0  - 48 - 9 
0 0 0 0  - 49 - 9 
0 0 0 0  - 0 - 10 
0 0 0 0  - 1 - 10 
0 0 0 1  - 2 - 10 
255 0 0 2  - 3 - 10 
0 0 0 3  - 4 - 10 
215 23 26 142  - 5 - 10 
237 28 33 255  - 6 - 10 
233 22 28 251  - 7 - 10 
237 86 80 253  - 8 - 10 
246 185 163 253  - 9 - 10 
247 188 166 253  - 10 - 10 
247 187 166 253  - 11 - 10 
247 188 166 253  - 12 - 10 
247 188 166 253  - 13 - 10 
247 188 166 253  - 14 - 10 
247 188 166 253  - 15 - 10 
247 188 166 253  - 16 - 10 
247 188 166 253  - 17 - 10 
247 188 166 253  - 18 - 10 
247 188 166 253  - 19 - 10 
247 188 166 253  - 20 - 10 
247 188 166 253  - 21 - 10 
247 188 166 253  - 22 - 10 
247 188 166 253  - 23 - 10 
247 188 166 253  - 24 - 10 
247 188 166 253  - 25 - 10 
247 188 165 253  - 26 - 10 
247 188 166 253  - 27 - 10 
247 188 166 253  - 28 - 10 
247 188 166 253  - 29 - 10 
247 188 166 253  - 30 - 10 
247 188 166 253  - 31 - 10 
247 188 166 253  - 32 - 10 
247 188 166 253  - 33 - 10 
247 188 166 253  - 34 - 10 
247 188 166 253  - 35 - 10 
247 188 166 253  - 36 - 10 
247 188 166 253  - 37 - 10 
247 188 166 253  - 38 - 10 
247 186 164 253  - 39 - 10 
247 192 169 253  - 40 - 10 
242 151 134 253  - 41 - 10 
234 37 40 251  - 42 - 10 
237 25 31 255  - 43 - 10 
218 24 29 145  - 44 - 10 
0 0 0 4  - 45 - 10 
255 0 0 1  - 46 - 10 
0 0 0 1  - 47 - 10 
0 0 0 0  - 48 - 10 
0 0 0 0  - 49 - 10 
0 0 0 0  - 0 - 11 
0 0 0 0  - 1 - 11 
255 0 0 2  - 2 - 11 
0 0 0 0  - 3 - 11 
201 21 24 85  - 4 - 11 
233 26 31 244  - 5 - 11 
235 28 32 253  - 6 - 11 
234 25 30 252  - 7 - 11 
239 112 99 253  - 8 - 11 
246 180 154 253  - 9 - 11 
246 175 150 253  - 10 - 11 
246 176 151 253  - 11 - 11 
246 176 151 253  - 12 - 11 
246 176 152 253  - 13 - 11 
246 176 151 253  - 14 - 11 
246 176 152 253  - 15 - 11 
246 176 151 253  - 16 - 11 
246 176 151 253  - 17 - 11 
246 176 152 253  - 18 - 11 
246 176 151 253  - 19 - 11 
246 176 151 253  - 20 - 11 
246 176 151 253  - 21 - 11 
246 176 151 253  - 22 - 11 
246 176 151 253  - 23 - 11 
246 176 152 253  - 24 - 11 
246 176 151 253  - 25 - 11 
246 176 151 253  - 26 - 11 
246 176 151 253  - 27 - 11 
246 176 151 253  - 28 - 11 
246 176 151 253  - 29 - 11 
246 176 152 253  - 30 - 11 
246 176 151 253  - 31 - 11 
246 176 152 253  - 32 - 11 
246 176 151 253  - 33 - 11 
246 176 152 253  - 34 - 11 
246 176 151 253  - 35 - 11 
246 176 151 253  - 36 - 11 
246 176 151 253  - 37 - 11 
246 176 151 253  - 38 - 11 
246 176 151 253  - 39 - 11 
246 178 153 253  - 40 - 11 
244 165 142 253  - 41 - 11 
236 56 55 252  - 42 - 11 
234 23 29 253  - 43 - 11 
234 28 33 245  - 44 - 11 
208 23 26 87  - 45 - 11 
0 0 0 0  - 46 - 11 
255 0 0 2  - 47 - 11 
0 0 0 0  - 48 - 11 
0 0 0 0  - 49 - 11 
0 0 0 0  - 0 - 12 
127 0 0 2  - 1 - 12 
1 0 0 0  - 2 - 12 
166 19 19 26  - 3 - 12 
227 24 29 205  - 4 - 12 
239 28 33 255  - 5 - 12 
234 26 32 251  - 6 - 12 
234 29 33 253  - 7 - 12 
239 118 102 253  - 8 - 12 
244 169 141 253  - 9 - 12 
244 164 137 253  - 10 - 12 
244 165 138 253  - 11 - 12 
244 165 138 253  - 12 - 12 
244 165 138 253  - 13 - 12 
244 165 138 253  - 14 - 12 
244 165 138 253  - 15 - 12 
244 165 138 253  - 16 - 12 
244 165 138 253  - 17 - 12 
244 165 138 253  - 18 - 12 
244 165 138 253  - 19 - 12 
245 164 138 253  - 20 - 12 
245 165 138 253  - 21 - 12 
245 165 138 253  - 22 - 12 
245 166 138 253  - 23 - 12 
245 166 138 253  - 24 - 12 
245 166 138 253  - 25 - 12 
245 165 138 253  - 26 - 12 
245 165 138 253  - 27 - 12 
245 165 138 253  - 28 - 12 
244 165 138 253  - 29 - 12 
244 165 138 253  - 30 - 12 
244 165 138 253  - 31 - 12 
244 165 138 253  - 32 - 12 
244 165 138 253  - 33 - 12 
244 165 138 253  - 34 - 12 
244 165 138 253  - 35 - 12 
244 165 138 253  - 36 - 12 
244 165 138 253  - 37 - 12 
244 165 138 253  - 38 - 12 
244 165 138 253  - 39 - 12 
244 165 138 253  - 40 - 12 
243 161 135 253  - 41 - 12 
236 66 61 253  - 42 - 12 
234 22 28 251  - 43 - 12 
239 29 34 255  - 44 - 12 
228 25 30 209  - 45 - 12 
186 19 19 26  - 46 - 12 
1 0 0 0  - 47 - 12 
127 0 0 2  - 48 - 12 
0 0 0 0  - 49 - 12 
0 0 0 0  - 0 - 13 
255 0 0 1  - 1 - 13 
0 0 0 0  - 2 - 13 
213 22 26 124  - 3 - 13 
237 27 32 255  - 4 - 13 
234 27 32 251  - 5 - 13 
234 27 32 253  - 6 - 13 
234 28 33 253  - 7 - 13 
238 110 92 253  - 8 - 13 
243 159 128 253  - 9 - 13 
243 154 124 253  - 10 - 13 
243 155 124 253  - 11 - 13 
243 155 124 253  - 12 - 13 
243 155 124 253  - 13 - 13 
243 155 124 253  - 14 - 13 
243 155 124 253  - 15 - 13 
243 155 124 253  - 16 - 13 
243 155 124 253  - 17 - 13 
244 155 125 253  - 18 - 13 
244 155 125 253  - 19 - 13 
244 157 126 253  - 20 - 13 
245 158 128 253  - 21 - 13 
245 160 128 253  - 22 - 13 
245 161 128 253  - 23 - 13 
245 162 128 253  - 24 - 13 
245 162 128 253  - 25 - 13 
245 161 128 253  - 26 - 13 
245 160 128 253  - 27 - 13 
245 158 126 253  - 28 - 13 
244 156 126 253  - 29 - 13 
244 155 125 253  - 30 - 13 
244 155 125 253  - 31 - 13 
243 155 124 253  - 32 - 13 
243 155 124 253  - 33 - 13 
243 155 124 253  - 34 - 13 
243 155 124 253  - 35 - 13 
243 155 124 253  - 36 - 13 
243 155 124 253  - 37 - 13 
243 155 124 253  - 38 - 13 
243 155 124 253  - 39 - 13 
243 156 125 253  - 40 - 13 
242 151 121 253  - 41 - 13 
235 62 58 253  - 42 - 13 
234 22 28 253  - 43 - 13 
234 28 33 251  - 44 - 13 
238 27 32 255  - 45 - 13 
218 22 28 127  - 46 - 13 
0 0 0 0  - 47 - 13 
255 0 0 1  - 48 - 13 
0 0 0 0  - 49 - 13 
127 0 0 2  - 0 - 14 
0 0 0 0  - 1 - 14 
170 15 23 33  - 2 - 14 
228 25 30 218  - 3 - 14 
237 28 33 255  - 4 - 14 
234 27 32 251  - 5 - 14 
234 27 32 253  - 6 - 14 
234 25 31 253  - 7 - 14 
237 91 76 253  - 8 - 14 
242 147 115 253  - 9 - 14 
242 144 113 253  - 10 - 14 
242 145 114 253  - 11 - 14 
242 144 114 253  - 12 - 14 
242 144 114 253  - 13 - 14 
242 144 114 253  - 14 - 14 
242 144 114 253  - 15 - 14 
243 145 114 253  - 16 - 14 
243 147 114 253  - 17 - 14 
243 150 115 253  - 18 - 14 
244 153 116 253  - 19 - 14 
244 156 117 253  - 20 - 14 
245 158 118 253  - 21 - 14 
245 160 118 253  - 22 - 14 
245 162 119 253  - 23 - 14 
245 162 119 253  - 24 - 14 
245 162 119 253  - 25 - 14 
245 161 119 253  - 26 - 14 
245 160 118 253  - 27 - 14 
245 158 118 253  - 28 - 14 
244 155 117 253  - 29 - 14 
244 152 116 253  - 30 - 14 
244 149 115 253  - 31 - 14 
243 146 114 253  - 32 - 14 
242 145 114 253  - 33 - 14 
242 144 114 253  - 34 - 14 
242 144 114 253  - 35 - 14 
242 145 114 253  - 36 - 14 
242 144 114 253  - 37 - 14 
242 144 114 253  - 38 - 14 
242 144 114 253  - 39 - 14 
242 146 115 253  - 40 - 14 
240 134 105 253  - 41 - 14 
234 48 47 253  - 42 - 14 
234 24 30 253  - 43 - 14 
234 28 32 252  - 44 - 14 
237 28 33 254  - 45 - 14 
229 25 31 222  - 46 - 14 
193 23 23 33  - 47 - 14 
0 0 0 0  - 48 - 14 
255 0 0 2  - 49 - 14 
255 0 0 2  - 0 - 15 
0 0 0 0  - 1 - 15 
211 21 28 116  - 2 - 15 
237 27 32 255  - 3 - 15 
233 27 32 252  - 4 - 15 
234 27 32 253  - 5 - 15 
234 28 33 253  - 6 - 15 
234 24 30 253  - 7 - 15 
235 63 56 253  - 8 - 15 
240 131 100 253  - 9 - 15 
241 134 102 253  - 10 - 15 
241 134 102 253  - 11 - 15 
241 134 102 253  - 12 - 15 
241 134 102 253  - 13 - 15 
242 134 102 253  - 14 - 15 
242 137 103 253  - 15 - 15 
243 142 104 253  - 16 - 15 
243 146 105 253  - 17 - 15 
244 150 107 253  - 18 - 15 
244 154 107 253  - 19 - 15 
245 157 108 253  - 20 - 15 
245 159 109 253  - 21 - 15 
245 161 110 253  - 22 - 15 
246 162 110 253  - 23 - 15 
246 163 110 253  - 24 - 15 
246 163 110 253  - 25 - 15 
246 161 110 253  - 26 - 15 
245 160 110 253  - 27 - 15 
245 158 109 253  - 28 - 15 
245 156 108 253  - 29 - 15 
244 153 107 253  - 30 - 15 
244 149 106 253  - 31 - 15 
243 145 105 253  - 32 - 15 
242 140 104 253  - 33 - 15 
242 136 103 253  - 34 - 15 
241 134 102 253  - 35 - 15 
241 134 102 253  - 36 - 15 
241 134 102 253  - 37 - 15 
241 134 102 253  - 38 - 15 
241 133 102 253  - 39 - 15 
241 137 104 253  - 40 - 15 
237 106 84 253  - 41 - 15 
234 32 35 253  - 42 - 15 
234 26 31 253  - 43 - 15 
234 27 32 253  - 44 - 15 
234 27 32 251  - 45 - 15 
239 27 32 255  - 46 - 15 
220 23 27 119  - 47 - 15 
0 0 0 0  - 48 - 15 
255 0 0 2  - 49 - 15 
0 0 0 0  - 0 - 16 
127 0 0 12  - 1 - 16 
226 24 29 196  - 2 - 16 
240 28 33 255  - 3 - 16 
234 27 32 251  - 4 - 16 
234 27 32 253  - 5 - 16 
234 27 32 253  - 6 - 16 
234 25 31 253  - 7 - 16 
234 36 37 253  - 8 - 16 
237 101 78 253  - 9 - 16 
240 124 92 253  - 10 - 16 
240 121 90 253  - 11 - 16 
240 122 90 253  - 12 - 16 
241 124 91 253  - 13 - 16 
241 131 92 253  - 14 - 16 
242 137 93 253  - 15 - 16 
243 143 95 253  - 16 - 16 
243 147 97 253  - 17 - 16 
244 151 98 253  - 18 - 16 
245 155 99 253  - 19 - 16 
245 158 100 253  - 20 - 16 
246 160 101 253  - 21 - 16 
246 162 101 253  - 22 - 16 
246 164 101 253  - 23 - 16 
246 164 101 253  - 24 - 16 
246 164 101 253  - 25 - 16 
246 163 101 253  - 26 - 16 
246 161 101 253  - 27 - 16 
246 159 100 253  - 28 - 16 
245 157 100 253  - 29 - 16 
245 154 99 253  - 30 - 16 
244 150 98 253  - 31 - 16 
243 146 96 253  - 32 - 16 
243 141 95 253  - 33 - 16 
242 135 93 253  - 34 - 16 
241 129 92 253  - 35 - 16 
241 123 91 253  - 36 - 16 
240 122 90 253  - 37 - 16 
240 122 90 253  - 38 - 16 
240 121 90 253  - 39 - 16 
239 122 91 253  - 40 - 16 
235 68 57 253  - 41 - 16 
234 24 30 253  - 42 - 16 
234 28 32 253  - 43 - 16 
234 27 32 253  - 44 - 16 
234 27 32 251  - 45 - 16 
240 28 33 255  - 46 - 16 
229 25 30 201  - 47 - 16 
162 23 23 11  - 48 - 16 
0 0 0 0  - 49 - 16 
0 0 0 0  - 0 - 17 
195 21 25 60  - 1 - 17 
232 26 31 244  - 2 - 17 
234 27 32 254  - 3 - 17 
234 27 32 252  - 4 - 17 
234 27 32 253  - 5 - 17 
234 27 32 253  - 6 - 17 
234 27 32 253  - 7 - 17 
234 25 31 253  - 8 - 17 
234 58 50 253  - 9 - 17 
237 107 79 253  - 10 - 17 
240 111 81 253  - 11 - 17 
240 115 80 253  - 12 - 17 
241 122 82 253  - 13 - 17 
241 131 84 253  - 14 - 17 
242 138 86 253  - 15 - 17 
243 144 87 253  - 16 - 17 
244 149 88 253  - 17 - 17 
245 153 89 253  - 18 - 17 
245 157 90 253  - 19 - 17 
246 160 91 253  - 20 - 17 
246 162 92 253  - 21 - 17 
246 165 92 253  - 22 - 17 
247 166 92 253  - 23 - 17 
246 167 92 253  - 24 - 17 
246 166 92 253  - 25 - 17 
246 165 92 253  - 26 - 17 
246 164 92 253  - 27 - 17 
246 162 92 253  - 28 - 17 
246 159 91 253  - 29 - 17 
245 155 90 253  - 30 - 17 
245 152 89 253  - 31 - 17 
244 147 88 253  - 32 - 17 
243 142 87 253  - 33 - 17 
242 136 85 253  - 34 - 17 
241 129 84 253  - 35 - 17 
241 120 82 253  - 36 - 17 
240 113 80 253  - 37 - 17 
240 110 80 253  - 38 - 17 
239 112 82 253  - 39 - 17 
236 90 68 253  - 40 - 17 
234 34 36 253  - 41 - 17 
234 26 31 253  - 42 - 17 
234 27 32 253  - 43 - 17 
234 27 32 253  - 44 - 17 
234 27 32 252  - 45 - 17 
234 27 32 253  - 46 - 17 
233 26 31 248  - 47 - 17 
213 20 25 61  - 48 - 17 
0 0 0 0  - 49 - 17 
0 0 0 0  - 0 - 18 
216 23 27 120  - 1 - 18 
241 28 33 255  - 2 - 18 
234 27 32 251  - 3 - 18 
234 27 32 253  - 4 - 18 
234 27 32 253  - 5 - 18 
234 27 32 253  - 6 - 18 
234 27 32 253  - 7 - 18 
234 26 32 253  - 8 - 18 
234 29 33 253  - 9 - 18 
235 69 54 253  - 10 - 18 
238 105 71 253  - 11 - 18 
240 115 72 253  - 12 - 18 
241 123 73 253  - 13 - 18 
241 132 75 253  - 14 - 18 
243 139 77 253  - 15 - 18 
244 146 78 253  - 16 - 18 
244 151 79 253  - 17 - 18 
245 156 80 253  - 18 - 18 
246 160 81 253  - 19 - 18 
246 163 82 253  - 20 - 18 
246 167 82 253  - 21 - 18 
247 168 83 253  - 22 - 18 
247 170 83 253  - 23 - 18 
247 171 83 253  - 24 - 18 
247 171 83 253  - 25 - 18 
247 170 83 253  - 26 - 18 
247 168 82 253  - 27 - 18 
247 165 82 253  - 28 - 18 
246 162 81 253  - 29 - 18 
246 159 81 253  - 30 - 18 
245 155 80 253  - 31 - 18 
244 150 79 253  - 32 - 18 
243 144 78 253  - 33 - 18 
242 137 76 253  - 34 - 18 
241 130 75 253  - 35 - 18 
241 121 73 253  - 36 - 18 
240 111 71 253  - 37 - 18 
238 104 71 253  - 38 - 18 
236 90 65 253  - 39 - 18 
234 45 41 253  - 40 - 18 
234 25 31 253  - 41 - 18 
234 27 32 253  - 42 - 18 
234 27 32 253  - 43 - 18 
234 27 32 253  - 44 - 18 
234 27 32 253  - 45 - 18 
235 27 32 250  - 46 - 18 
243 28 33 255  - 47 - 18 
224 22 28 124  - 48 - 18 
0 0 0 0  - 49 - 18 
0 0 0 1  - 0 - 19 
223 25 29 172  - 1 - 19 
244 28 33 255  - 2 - 19 
234 27 32 251  - 3 - 19 
234 27 32 253  - 4 - 19 
234 27 32 253  - 5 - 19 
234 27 32 253  - 6 - 19 
234 27 32 253  - 7 - 19 
234 27 32 253  - 8 - 19 
234 26 32 253  - 9 - 19 
234 43 33 253  - 10 - 19 
235 88 50 253  - 11 - 19 
239 115 63 253  - 12 - 19 
241 125 64 253  - 13 - 19 
242 134 66 253  - 14 - 19 
243 142 67 253  - 15 - 19 
244 149 68 253  - 16 - 19 
245 154 69 253  - 17 - 19 
246 159 70 253  - 18 - 19 
246 164 70 253  - 19 - 19 
247 168 71 253  - 20 - 19 
248 171 71 253  - 21 - 19 
248 172 71 253  - 22 - 19 
248 175 72 253  - 23 - 19 
248 176 72 253  - 24 - 19 
248 175 72 253  - 25 - 19 
248 174 72 253  - 26 - 19 
248 173 71 253  - 27 - 19 
247 170 71 253  - 28 - 19 
247 167 70 253  - 29 - 19 
246 163 70 253  - 30 - 19 
246 158 70 253  - 31 - 19 
245 153 69 253  - 32 - 19 
244 147 68 253  - 33 - 19 
243 139 67 253  - 34 - 19 
242 132 66 253  - 35 - 19 
241 122 64 253  - 36 - 19 
239 113 63 253  - 37 - 19 
236 95 58 253  - 38 - 19 
234 52 41 253  - 39 - 19 
234 25 31 253  - 40 - 19 
234 27 32 253  - 41 - 19 
234 27 32 253  - 42 - 19 
234 27 32 253  - 43 - 19 
234 27 32 253  - 44 - 19 
234 27 32 253  - 45 - 19 
234 27 32 251  - 46 - 19 
243 28 33 255  - 47 - 19 
230 24 30 177  - 48 - 19 
0 0 0 0  - 49 - 19 
161 13 13 19  - 0 - 20 
228 25 30 209  - 1 - 20 
240 28 33 255  - 2 - 20 
234 27 32 251  - 3 - 20 
234 27 32 253  - 4 - 20 
234 27 32 253  - 5 - 20 
234 27 32 253  - 6 - 20 
234 27 32 253  - 7 - 20 
234 26 32 253  - 8 - 20 
234 35 32 253  - 9 - 20 
234 57 31 253  - 10 - 20 
236 79 31 253  - 11 - 20 
238 106 42 253  - 12 - 20 
241 126 54 253  - 13 - 20 
242 137 57 253  - 14 - 20 
243 145 57 253  - 15 - 20 
244 152 58 253  - 16 - 20 
245 158 59 253  - 17 - 20 
246 164 59 253  - 18 - 20 
247 169 59 253  - 19 - 20 
248 172 59 253  - 20 - 20 
248 175 59 253  - 21 - 20 
249 178 60 253  - 22 - 20 
249 180 60 253  - 23 - 20 
249 181 60 253  - 24 - 20 
249 180 60 253  - 25 - 20 
249 179 60 253  - 26 - 20 
249 177 60 253  - 27 - 20 
248 174 60 253  - 28 - 20 
248 171 59 253  - 29 - 20 
247 167 59 253  - 30 - 20 
246 162 58 253  - 31 - 20 
245 156 58 253  - 32 - 20 
244 150 57 253  - 33 - 20 
243 142 57 253  - 34 - 20 
242 134 57 253  - 35 - 20 
240 124 56 253  - 36 - 20 
238 109 49 253  - 37 - 20 
235 80 36 253  - 38 - 20 
234 49 30 253  - 39 - 20 
234 29 32 253  - 40 - 20 
234 27 32 253  - 41 - 20 
234 27 32 253  - 42 - 20 
234 27 32 253  - 43 - 20 
234 27 32 253  - 44 - 20 
234 27 32 253  - 45 - 20 
235 27 32 251  - 46 - 20 
239 28 33 255  - 47 - 20 
231 26 30 215  - 48 - 20 
195 15 30 17  - 49 - 20 
189 17 23 43  - 0 - 21 
229 26 30 233  - 1 - 21 
238 28 33 255  - 2 - 21 
234 27 32 252  - 3 - 21 
234 27 32 253  - 4 - 21 
234 27 32 253  - 5 - 21 
234 27 32 253  - 6 - 21 
234 27 32 253  - 7 - 21 
234 30 32 253  - 8 - 21 
234 51 31 253  - 9 - 21 
235 74 31 253  - 10 - 21 
237 90 30 253  - 11 - 21 
238 105 28 253  - 12 - 21 
240 122 33 253  - 13 - 21 
242 138 40 253  - 14 - 21 
244 148 44 253  - 15 - 21 
245 156 45 253  - 16 - 21 
246 162 46 253  - 17 - 21 
247 169 46 253  - 18 - 21 
248 174 46 253  - 19 - 21 
249 178 45 253  - 20 - 21 
250 181 45 253  - 21 - 21 
250 184 44 253  - 22 - 21 
250 186 44 253  - 23 - 21 
250 186 44 253  - 24 - 21 
250 186 44 253  - 25 - 21 
250 185 44 253  - 26 - 21 
250 183 44 253  - 27 - 21 
249 180 45 253  - 28 - 21 
249 176 45 253  - 29 - 21 
248 172 46 253  - 30 - 21 
247 166 46 253  - 31 - 21 
246 161 46 253  - 32 - 21 
244 154 45 253  - 33 - 21 
243 145 45 253  - 34 - 21 
242 136 43 253  - 35 - 21 
240 121 37 253  - 36 - 21 
238 103 31 253  - 37 - 21 
236 85 29 253  - 38 - 21 
234 68 31 253  - 39 - 21 
234 43 31 253  - 40 - 21 
234 27 32 253  - 41 - 21 
234 27 32 253  - 42 - 21 
234 27 32 253  - 43 - 21 
234 27 32 253  - 44 - 21 
234 27 32 253  - 45 - 21 
234 27 32 252  - 46 - 21 
236 28 33 255  - 47 - 21 
232 26 31 238  - 48 - 21 
219 23 23 43  - 49 - 21 
200 23 27 66  - 0 - 22 
230 26 31 244  - 1 - 22 
235 27 32 255  - 2 - 22 
234 27 32 252  - 3 - 22 
234 27 32 253  - 4 - 22 
234 27 32 253  - 5 - 22 
234 27 32 253  - 6 - 22 
234 27 32 253  - 7 - 22 
234 42 31 253  - 8 - 22 
235 68 30 253  - 9 - 22 
236 86 30 253  - 10 - 22 
238 102 29 253  - 11 - 22 
240 116 28 253  - 12 - 22 
241 128 26 253  - 13 - 22 
242 139 26 253  - 14 - 22 
244 150 29 253  - 15 - 22 
246 159 30 253  - 16 - 22 
247 167 30 253  - 17 - 22 
248 173 29 253  - 18 - 22 
249 178 28 253  - 19 - 22 
250 184 26 253  - 20 - 22 
250 187 24 253  - 21 - 22 
251 190 23 253  - 22 - 22 
251 192 23 253  - 23 - 22 
251 193 22 253  - 24 - 22 
251 193 22 253  - 25 - 22 
251 191 23 253  - 26 - 22 
250 189 23 253  - 27 - 22 
250 186 24 253  - 28 - 22 
249 182 26 253  - 29 - 22 
249 177 28 253  - 30 - 22 
248 171 30 253  - 31 - 22 
247 165 31 253  - 32 - 22 
245 157 32 253  - 33 - 22 
244 148 31 253  - 34 - 22 
243 137 28 253  - 35 - 22 
241 123 27 253  - 36 - 22 
239 111 28 253  - 37 - 22 
237 98 29 253  - 38 - 22 
236 81 30 253  - 39 - 22 
235 59 31 253  - 40 - 22 
234 34 31 253  - 41 - 22 
234 26 32 253  - 42 - 22 
234 27 32 253  - 43 - 22 
234 27 32 253  - 44 - 22 
234 27 32 253  - 45 - 22 
234 27 32 252  - 46 - 22 
234 27 32 254  - 47 - 22 
233 26 31 250  - 48 - 22 
221 22 33 69  - 49 - 22 
207 22 28 81  - 0 - 23 
231 26 31 250  - 1 - 23 
234 27 32 254  - 2 - 23 
234 27 32 253  - 3 - 23 
234 27 32 253  - 4 - 23 
234 27 32 253  - 5 - 23 
234 26 32 253  - 6 - 23 
234 32 32 253  - 7 - 23 
234 57 31 253  - 8 - 23 
236 79 30 253  - 9 - 23 
238 97 29 253  - 10 - 23 
240 112 28 253  - 11 - 23 
241 125 27 253  - 12 - 23 
242 137 26 253  - 13 - 23 
244 148 24 253  - 14 - 23 
245 157 21 253  - 15 - 23 
246 166 18 253  - 16 - 23 
248 173 17 253  - 17 - 23 
249 180 14 253  - 18 - 23 
250 186 12 253  - 19 - 23 
251 191 10 253  - 20 - 23 
252 194 8 253  - 21 - 23 
252 197 7 253  - 22 - 23 
252 199 6 253  - 23 - 23 
252 201 5 253  - 24 - 23 
252 200 5 253  - 25 - 23 
252 199 6 253  - 26 - 23 
252 197 7 253  - 27 - 23 
251 193 9 253  - 28 - 23 
251 189 10 253  - 29 - 23 
250 184 13 253  - 30 - 23 
248 178 15 253  - 31 - 23 
248 171 18 253  - 32 - 23 
246 163 20 253  - 33 - 23 
244 154 22 253  - 34 - 23 
244 145 24 253  - 35 - 23 
242 134 26 253  - 36 - 23 
240 121 28 253  - 37 - 23 
239 107 28 253  - 38 - 23 
237 92 30 253  - 39 - 23 
236 73 30 253  - 40 - 23 
234 48 31 253  - 41 - 23 
234 28 32 253  - 42 - 23 
234 27 32 253  - 43 - 23 
234 27 32 253  - 44 - 23 
234 27 32 253  - 45 - 23 
234 27 32 253  - 46 - 23 
235 27 32 252  - 47 - 23 
234 27 31 255  - 48 - 23 
225 23 35 86  - 49 - 23 
208 23 26 88  - 0 - 24 
232 27 31 252  - 1 - 24 
234 27 32 253  - 2 - 24 
234 27 32 253  - 3 - 24 
234 27 32 253  - 4 - 24 
234 27 32 253  - 5 - 24 
234 27 32 253  - 6 - 24 
234 42 31 253  - 7 - 24 
235 69 30 253  - 8 - 24 
236 89 30 253  - 9 - 24 
238 106 29 253  - 10 - 24 
240 121 27 253  - 11 - 24 
242 134 26 253  - 12 - 24 
243 145 24 253  - 13 - 24 
244 156 22 253  - 14 - 24 
246 165 19 253  - 15 - 24 
248 173 16 253  - 16 - 24 
250 182 12 253  - 17 - 24 
251 188 9 253  - 18 - 24 
251 193 6 253  - 19 - 24 
252 198 3 253  - 20 - 24 
252 202 1 253  - 21 - 24 
252 206 0 253  - 22 - 24 
252 208 0 253  - 23 - 24 
252 208 0 253  - 24 - 24 
252 208 0 253  - 25 - 24 
252 207 0 253  - 26 - 24 
252 204 1 253  - 27 - 24 
252 201 2 253  - 28 - 24 
252 197 4 253  - 29 - 24 
251 192 7 253  - 30 - 24 
250 186 10 253  - 31 - 24 
249 179 13 253  - 32 - 24 
247 171 17 253  - 33 - 24 
246 162 20 253  - 34 - 24 
244 152 22 253  - 35 - 24 
243 142 25 253  - 36 - 24 
242 131 27 253  - 37 - 24 
240 116 28 253  - 38 - 24 
238 101 29 253  - 39 - 24 
236 84 30 253  - 40 - 24 
234 61 31 253  - 41 - 24 
234 35 32 253  - 42 - 24 
234 26 32 253  - 43 - 24 
234 27 32 253  - 44 - 24 
234 27 32 253  - 45 - 24 
234 27 32 253  - 46 - 24 
235 27 32 252  - 47 - 24 
234 27 31 255  - 48 - 24 
224 25 33 91  - 49 - 24 
207 23 26 86  - 0 - 25 
232 27 31 251  - 1 - 25 
235 27 32 253  - 2 - 25 
234 27 32 253  - 3 - 25 
234 27 32 253  - 4 - 25 
234 27 32 253  - 5 - 25 
234 30 32 253  - 6 - 25 
234 54 31 253  - 7 - 25 
235 78 30 253  - 8 - 25 
237 97 29 253  - 9 - 25 
239 114 28 253  - 10 - 25 
241 129 27 253  - 11 - 25 
243 140 25 253  - 12 - 25 
244 151 23 253  - 13 - 25 
246 162 20 253  - 14 - 25 
248 172 17 253  - 15 - 25 
249 181 13 253  - 16 - 25 
251 188 10 253  - 17 - 25 
252 195 6 253  - 18 - 25 
252 201 2 253  - 19 - 25 
252 206 0 253  - 20 - 25 
252 209 0 253  - 21 - 25 
252 212 0 253  - 22 - 25 
252 214 0 253  - 23 - 25 
252 215 0 253  - 24 - 25 
252 215 0 253  - 25 - 25 
252 214 0 253  - 26 - 25 
252 212 0 253  - 27 - 25 
252 208 0 253  - 28 - 25 
252 204 0 253  - 29 - 25 
252 199 3 253  - 30 - 25 
251 192 6 253  - 31 - 25 
250 186 11 253  - 32 - 25 
249 178 14 253  - 33 - 25 
247 169 17 253  - 34 - 25 
245 159 20 253  - 35 - 25 
243 148 23 253  - 36 - 25 
242 137 26 253  - 37 - 25 
240 123 27 253  - 38 - 25 
239 109 28 253  - 39 - 25 
237 92 29 253  - 40 - 25 
235 72 30 253  - 41 - 25 
234 45 31 253  - 42 - 25 
234 27 32 253  - 43 - 25 
234 27 32 253  - 44 - 25 
234 27 32 253  - 45 - 25 
234 27 32 253  - 46 - 25 
235 27 32 252  - 47 - 25 
234 27 31 255  - 48 - 25 
223 25 34 90  - 49 - 25 
206 24 27 74  - 0 - 26 
231 26 31 248  - 1 - 26 
234 27 32 254  - 2 - 26 
234 27 32 252  - 3 - 26 
234 27 32 253  - 4 - 26 
234 26 32 253  - 5 - 26 
234 36 32 253  - 6 - 26 
234 64 31 253  - 7 - 26 
236 86 30 253  - 8 - 26 
238 104 29 253  - 9 - 26 
240 121 28 253  - 10 - 26 
242 134 26 253  - 11 - 26 
244 145 23 253  - 12 - 26 
245 157 22 253  - 13 - 26 
247 168 18 253  - 14 - 26 
249 178 15 253  - 15 - 26 
250 186 10 253  - 16 - 26 
252 194 6 253  - 17 - 26 
252 201 2 253  - 18 - 26 
252 208 0 253  - 19 - 26 
252 212 0 253  - 20 - 26 
252 215 0 253  - 21 - 26 
252 218 0 253  - 22 - 26 
252 220 0 253  - 23 - 26 
252 222 0 253  - 24 - 26 
252 221 0 253  - 25 - 26 
252 220 0 253  - 26 - 26 
252 218 0 253  - 27 - 26 
252 215 0 253  - 28 - 26 
252 211 0 253  - 29 - 26 
252 205 0 253  - 30 - 26 
252 198 3 253  - 31 - 26 
251 192 8 253  - 32 - 26 
250 185 12 253  - 33 - 26 
248 174 16 253  - 34 - 26 
246 165 19 253  - 35 - 26 
244 153 22 253  - 36 - 26 
243 143 25 253  - 37 - 26 
241 130 27 253  - 38 - 26 
239 116 28 253  - 39 - 26 
238 99 29 253  - 40 - 26 
236 80 30 253  - 41 - 26 
234 54 31 253  - 42 - 26 
234 30 32 253  - 43 - 26 
234 27 32 253  - 44 - 26 
234 27 32 253  - 45 - 26 
234 27 32 253  - 46 - 26 
234 27 32 253  - 47 - 26 
232 27 31 253  - 48 - 26 
222 22 32 79  - 49 - 26 
194 23 27 55  - 0 - 27 
230 26 30 239  - 1 - 27 
236 27 32 255  - 2 - 27 
234 27 32 252  - 3 - 27 
234 27 32 253  - 4 - 27 
234 26 32 253  - 5 - 27 
234 42 31 253  - 6 - 27 
235 71 31 253  - 7 - 27 
237 92 29 253  - 8 - 27 
239 109 28 253  - 9 - 27 
241 125 27 253  - 10 - 27 
242 139 25 253  - 11 - 27 
244 150 23 253  - 12 - 27 
246 162 20 253  - 13 - 27 
247 173 17 253  - 14 - 27 
250 183 13 253  - 15 - 27 
251 191 8 253  - 16 - 27 
252 198 3 253  - 17 - 27 
252 205 0 253  - 18 - 27 
252 212 0 253  - 19 - 27 
252 217 0 253  - 20 - 27 
252 220 0 253  - 21 - 27 
252 224 0 253  - 22 - 27 
252 226 0 253  - 23 - 27 
252 227 0 253  - 24 - 27 
252 226 0 253  - 25 - 27 
252 225 0 253  - 26 - 27 
252 223 0 253  - 27 - 27 
252 219 0 253  - 28 - 27 
252 216 0 253  - 29 - 27 
252 210 0 253  - 30 - 27 
252 203 1 253  - 31 - 27 
252 196 5 253  - 32 - 27 
250 189 9 253  - 33 - 27 
248 180 14 253  - 34 - 27 
247 169 17 253  - 35 - 27 
245 158 21 253  - 36 - 27 
243 147 24 253  - 37 - 27 
242 135 26 253  - 38 - 27 
240 120 28 253  - 39 - 27 
238 105 29 253  - 40 - 27 
236 86 30 253  - 41 - 27 
235 63 31 253  - 42 - 27 
234 34 31 253  - 43 - 27 
234 26 32 253  - 44 - 27 
234 27 32 253  - 45 - 27 
234 27 32 252  - 46 - 27 
235 27 32 255  - 47 - 27 
233 26 31 245  - 48 - 27 
223 22 31 56  - 49 - 27 
178 17 17 30  - 0 - 28 
229 25 29 222  - 1 - 28 
239 28 33 255  - 2 - 28 
234 27 32 252  - 3 - 28 
234 27 32 253  - 4 - 28 
234 28 32 253  - 5 - 28 
234 49 31 253  - 6 - 28 
235 76 30 253  - 7 - 28 
237 96 30 253  - 8 - 28 
239 113 28 253  - 9 - 28 
241 130 27 253  - 10 - 28 
243 143 25 253  - 11 - 28 
244 154 22 253  - 12 - 28 
246 166 19 253  - 13 - 28 
248 177 15 253  - 14 - 28 
250 187 10 253  - 15 - 28 
252 195 5 253  - 16 - 28 
252 203 1 253  - 17 - 28 
252 209 0 253  - 18 - 28 
252 216 0 253  - 19 - 28 
252 221 0 253  - 20 - 28 
252 224 0 253  - 21 - 28 
252 228 0 253  - 22 - 28 
252 230 0 253  - 23 - 28 
252 231 0 253  - 24 - 28 
252 231 0 253  - 25 - 28 
252 229 0 253  - 26 - 28 
252 227 0 253  - 27 - 28 
252 223 0 253  - 28 - 28 
252 220 0 253  - 29 - 28 
252 214 0 253  - 30 - 28 
252 207 0 253  - 31 - 28 
252 200 2 253  - 32 - 28 
251 193 7 253  - 33 - 28 
250 184 12 253  - 34 - 28 
248 173 16 253  - 35 - 28 
246 162 20 253  - 36 - 28 
244 151 23 253  - 37 - 28 
242 139 26 253  - 38 - 28 
241 124 27 253  - 39 - 28 
239 109 28 253  - 40 - 28 
236 91 30 253  - 41 - 28 
235 69 31 253  - 42 - 28 
234 40 31 253  - 43 - 28 
234 26 32 253  - 44 - 28 
234 27 32 253  - 45 - 28 
234 27 32 252  - 46 - 28 
238 28 33 255  - 47 - 28 
232 25 31 228  - 48 - 28 
211 17 26 29  - 49 - 28 
109 0 0 7  - 0 - 29 
225 25 29 191  - 1 - 29 
242 28 33 255  - 2 - 29 
234 27 32 251  - 3 - 29 
234 27 32 253  - 4 - 29 
234 29 31 253  - 5 - 29 
234 54 31 253  - 6 - 29 
235 80 30 253  - 7 - 29 
238 99 29 253  - 8 - 29 
240 117 28 253  - 9 - 29 
242 133 27 253  - 10 - 29 
243 145 24 253  - 11 - 29 
245 157 22 253  - 12 - 29 
247 168 18 253  - 13 - 29 
248 180 14 253  - 14 - 29 
250 190 9 253  - 15 - 29 
252 198 4 253  - 16 - 29 
252 206 0 253  - 17 - 29 
252 212 0 253  - 18 - 29 
252 219 0 253  - 19 - 29 
252 224 0 253  - 20 - 29 
252 228 0 253  - 21 - 29 
252 231 0 253  - 22 - 29 
252 233 0 253  - 23 - 29 
252 234 0 253  - 24 - 29 
252 234 0 253  - 25 - 29 
252 232 0 253  - 26 - 29 
252 230 0 253  - 27 - 29 
252 226 0 253  - 28 - 29 
252 222 0 253  - 29 - 29 
252 217 0 253  - 30 - 29 
252 210 0 253  - 31 - 29 
252 203 1 253  - 32 - 29 
252 195 5 253  - 33 - 29 
250 187 11 253  - 34 - 29 
249 176 15 253  - 35 - 29 
247 165 19 253  - 36 - 29 
245 153 23 253  - 37 - 29 
243 141 25 253  - 38 - 29 
241 128 27 253  - 39 - 29 
239 112 28 253  - 40 - 29 
237 94 30 253  - 41 - 29 
235 73 31 253  - 42 - 29 
234 44 31 253  - 43 - 29 
234 27 32 253  - 44 - 29 
234 27 32 253  - 45 - 29 
234 27 32 251  - 46 - 29 
242 28 33 255  - 47 - 29 
229 25 30 198  - 48 - 29 
170 0 0 6  - 49 - 29 
0 0 0 0  - 0 - 30 
220 24 29 146  - 1 - 30 
243 28 33 255  - 2 - 30 
234 27 32 251  - 3 - 30 
234 26 32 253  - 4 - 30 
234 31 31 253  - 5 - 30 
234 57 31 253  - 6 - 30 
236 83 30 253  - 7 - 30 
238 102 29 253  - 8 - 30 
240 118 27 253  - 9 - 30 
242 135 27 253  - 10 - 30 
243 147 24 253  - 11 - 30 
245 159 21 253  - 12 - 30 
247 170 17 253  - 13 - 30 
249 181 14 253  - 14 - 30 
251 192 8 253  - 15 - 30 
252 200 2 253  - 16 - 30 
252 208 0 253  - 17 - 30 
252 214 0 253  - 18 - 30 
252 221 0 253  - 19 - 30 
252 226 0 253  - 20 - 30 
252 229 0 253  - 21 - 30 
252 233 0 253  - 22 - 30 
252 235 0 253  - 23 - 30 
252 237 0 253  - 24 - 30 
252 237 0 253  - 25 - 30 
252 234 0 253  - 26 - 30 
252 232 0 253  - 27 - 30 
252 228 0 253  - 28 - 30 
252 224 0 253  - 29 - 30 
252 219 0 253  - 30 - 30 
252 212 0 253  - 31 - 30 
252 206 0 253  - 32 - 30 
252 198 4 253  - 33 - 30 
250 188 10 253  - 34 - 30 
249 178 14 253  - 35 - 30 
247 167 18 253  - 36 - 30 
244 155 22 253  - 37 - 30 
243 143 25 253  - 38 - 30 
242 130 27 253  - 39 - 30 
240 114 28 253  - 40 - 30 
237 96 30 253  - 41 - 30 
235 75 31 253  - 42 - 30 
234 47 31 253  - 43 - 30 
234 27 32 253  - 44 - 30 
234 27 32 253  - 45 - 30 
235 27 32 250  - 46 - 30 
244 28 33 255  - 47 - 30 
227 25 30 151  - 48 - 30 
0 0 0 0  - 49 - 30 
0 0 0 0  - 0 - 31 
208 23 26 88  - 1 - 31 
234 27 32 254  - 2 - 31 
234 27 32 252  - 3 - 31 
234 26 32 253  - 4 - 31 
234 32 31 253  - 5 - 31 
234 58 31 253  - 6 - 31 
236 84 30 253  - 7 - 31 
238 103 29 253  - 8 - 31 
240 120 27 253  - 9 - 31 
242 135 27 253  - 10 - 31 
243 148 24 253  - 11 - 31 
246 160 21 253  - 12 - 31 
248 171 17 253  - 13 - 31 
249 183 13 253  - 14 - 31 
251 193 7 253  - 15 - 31 
252 201 1 253  - 16 - 31 
252 209 0 253  - 17 - 31 
252 215 0 253  - 18 - 31 
252 222 0 253  - 19 - 31 
252 227 0 253  - 20 - 31 
252 231 0 253  - 21 - 31 
252 234 0 253  - 22 - 31 
252 236 0 253  - 23 - 31 
252 238 0 253  - 24 - 31 
252 237 0 253  - 25 - 31 
252 236 0 253  - 26 - 31 
252 233 0 253  - 27 - 31 
252 230 0 253  - 28 - 31 
252 226 0 253  - 29 - 31 
252 220 0 253  - 30 - 31 
252 213 0 253  - 31 - 31 
252 207 0 253  - 32 - 31 
252 199 4 253  - 33 - 31 
250 189 10 253  - 34 - 31 
249 180 14 253  - 35 - 31 
246 168 18 253  - 36 - 31 
244 156 22 253  - 37 - 31 
243 144 25 253  - 38 - 31 
242 131 27 253  - 39 - 31 
240 115 28 253  - 40 - 31 
237 97 30 253  - 41 - 31 
236 77 30 253  - 42 - 31 
234 49 31 253  - 43 - 31 
234 27 32 253  - 44 - 31 
234 27 32 253  - 45 - 31 
234 27 32 252  - 46 - 31 
238 27 32 255  - 47 - 31 
223 22 28 90  - 48 - 31 
0 0 0 0  - 49 - 31 
0 0 0 0  - 0 - 32 
170 17 17 30  - 1 - 32 
228 25 29 223  - 2 - 32 
238 28 33 255  - 3 - 32 
234 26 32 251  - 4 - 32 
234 32 31 253  - 5 - 32 
234 58 31 253  - 6 - 32 
236 84 30 253  - 7 - 32 
238 103 29 253  - 8 - 32 
240 120 27 253  - 9 - 32 
242 135 27 253  - 10 - 32 
244 148 24 253  - 11 - 32 
245 160 21 253  - 12 - 32 
248 171 17 253  - 13 - 32 
249 183 13 253  - 14 - 32 
251 193 7 253  - 15 - 32 
252 201 1 253  - 16 - 32 
252 209 0 253  - 17 - 32 
252 215 0 253  - 18 - 32 
252 222 0 253  - 19 - 32 
252 227 0 253  - 20 - 32 
252 231 0 253  - 21 - 32 
252 234 0 253  - 22 - 32 
252 236 0 253  - 23 - 32 
252 237 0 253  - 24 - 32 
252 237 0 253  - 25 - 32 
252 235 0 253  - 26 - 32 
252 233 0 253  - 27 - 32 
252 230 0 253  - 28 - 32 
252 225 0 253  - 29 - 32 
252 220 0 253  - 30 - 32 
252 213 0 253  - 31 - 32 
252 207 0 253  - 32 - 32 
252 199 4 253  - 33 - 32 
250 190 10 253  - 34 - 32 
249 179 14 253  - 35 - 32 
247 168 18 253  - 36 - 32 
245 156 22 253  - 37 - 32 
243 144 25 253  - 38 - 32 
242 131 27 253  - 39 - 32 
240 115 28 253  - 40 - 32 
238 97 30 253  - 41 - 32 
236 77 31 253  - 42 - 32 
234 48 31 253  - 43 - 32 
234 27 32 253  - 44 - 32 
234 27 32 252  - 45 - 32 
237 28 33 254  - 46 - 32 
230 25 31 230  - 47 - 32 
195 17 25 30  - 48 - 32 
0 0 0 0  - 49 - 32 
255 0 0 1  - 0 - 33 
0 0 0 1  - 1 - 33 
218 24 27 155  - 2 - 33 
241 28 33 255  - 3 - 33 
234 26 32 251  - 4 - 33 
234 30 31 253  - 5 - 33 
234 56 31 253  - 6 - 33 
235 82 30 253  - 7 - 33 
238 101 29 253  - 8 - 33 
240 118 27 253  - 9 - 33 
242 134 27 253  - 10 - 33 
243 147 24 253  - 11 - 33 
245 158 21 253  - 12 - 33 
247 170 18 253  - 13 - 33 
249 181 14 253  - 14 - 33 
251 192 8 253  - 15 - 33 
252 200 2 253  - 16 - 33 
252 208 0 253  - 17 - 33 
252 214 0 253  - 18 - 33 
252 221 0 253  - 19 - 33 
252 225 0 253  - 20 - 33 
252 229 0 253  - 21 - 33 
252 232 0 253  - 22 - 33 
252 235 0 253  - 23 - 33 
252 236 0 253  - 24 - 33 
252 236 0 253  - 25 - 33 
252 234 0 253  - 26 - 33 
252 231 0 253  - 27 - 33 
252 228 0 253  - 28 - 33 
252 224 0 253  - 29 - 33 
252 219 0 253  - 30 - 33 
252 212 0 253  - 31 - 33 
252 205 0 253  - 32 - 33 
252 197 4 253  - 33 - 33 
250 188 10 253  - 34 - 33 
249 178 15 253  - 35 - 33 
246 166 19 253  - 36 - 33 
244 155 23 253  - 37 - 33 
243 143 25 253  - 38 - 33 
241 130 27 253  - 39 - 33 
239 113 28 253  - 40 - 33 
237 96 30 253  - 41 - 33 
235 75 31 253  - 42 - 33 
234 46 31 253  - 43 - 33 
234 27 32 253  - 44 - 33 
234 27 32 251  - 45 - 33 
242 28 33 255  - 46 - 33 
226 23 28 160  - 47 - 33 
0 0 0 0  - 48 - 33 
255 0 0 1  - 49 - 33 
255 0 0 2  - 0 - 34 
0 0 0 0  - 1 - 34 
195 18 22 68  - 2 - 34 
232 26 30 242  - 3 - 34 
235 27 32 253  - 4 - 34 
234 29 32 252  - 5 - 34 
234 53 32 253  - 6 - 34 
235 79 30 253  - 7 - 34 
238 99 29 253  - 8 - 34 
239 116 28 253  - 9 - 34 
241 132 26 253  - 10 - 34 
243 145 25 253  - 11 - 34 
245 156 22 253  - 12 - 34 
247 168 18 253  - 13 - 34 
248 179 15 253  - 14 - 34 
250 189 9 253  - 15 - 34 
252 197 4 253  - 16 - 34 
252 206 0 253  - 17 - 34 
252 212 0 253  - 18 - 34 
252 218 0 253  - 19 - 34 
252 223 0 253  - 20 - 34 
252 227 0 253  - 21 - 34 
252 230 0 253  - 22 - 34 
252 232 0 253  - 23 - 34 
252 234 0 253  - 24 - 34 
252 233 0 253  - 25 - 34 
252 231 0 253  - 26 - 34 
252 229 0 253  - 27 - 34 
252 226 0 253  - 28 - 34 
252 222 0 253  - 29 - 34 
252 216 0 253  - 30 - 34 
252 210 0 253  - 31 - 34 
252 203 1 253  - 32 - 34 
252 195 6 253  - 33 - 34 
250 186 11 253  - 34 - 34 
248 175 15 253  - 35 - 34 
246 163 19 253  - 36 - 34 
244 153 23 253  - 37 - 34 
242 140 25 253  - 38 - 34 
241 128 27 253  - 39 - 34 
239 111 29 253  - 40 - 34 
237 93 30 253  - 41 - 34 
235 72 31 253  - 42 - 34 
234 43 31 253  - 43 - 34 
234 26 32 252  - 44 - 34 
234 27 32 253  - 45 - 34 
233 26 31 246  - 46 - 34 
210 22 25 69  - 47 - 34 
0 0 0 0  - 48 - 34 
255 0 0 3  - 49 - 34 
255 0 0 1  - 0 - 35 
255 0 0 1  - 1 - 35 
72 0 0 7  - 2 - 35 
220 23 29 172  - 3 - 35 
241 28 33 255  - 4 - 35 
234 27 32 251  - 5 - 35 
234 47 31 253  - 6 - 35 
235 75 30 253  - 7 - 35 
237 95 29 253  - 8 - 35 
239 113 28 253  - 9 - 35 
241 129 27 253  - 10 - 35 
243 142 25 253  - 11 - 35 
245 153 22 253  - 12 - 35 
246 165 19 253  - 13 - 35 
248 175 15 253  - 14 - 35 
250 186 11 253  - 15 - 35 
252 194 5 253  - 16 - 35 
252 202 1 253  - 17 - 35 
252 209 0 253  - 18 - 35 
252 215 0 253  - 19 - 35 
252 220 0 253  - 20 - 35 
252 224 0 253  - 21 - 35 
252 227 0 253  - 22 - 35 
252 229 0 253  - 23 - 35 
252 230 0 253  - 24 - 35 
252 230 0 253  - 25 - 35 
252 229 0 253  - 26 - 35 
252 226 0 253  - 27 - 35 
252 223 0 253  - 28 - 35 
252 218 0 253  - 29 - 35 
252 213 0 253  - 30 - 35 
252 207 0 253  - 31 - 35 
252 200 2 253  - 32 - 35 
251 192 7 253  - 33 - 35 
249 182 12 253  - 34 - 35 
248 172 16 253  - 35 - 35 
246 161 20 253  - 36 - 35 
244 150 23 253  - 37 - 35 
242 137 26 253  - 38 - 35 
241 124 27 253  - 39 - 35 
239 107 28 253  - 40 - 35 
237 89 30 253  - 41 - 35 
235 67 31 253  - 42 - 35 
234 38 31 253  - 43 - 35 
234 26 32 251  - 44 - 35 
241 28 33 255  - 45 - 35 
224 24 30 177  - 46 - 35 
109 0 0 7  - 47 - 35 
255 0 0 1  - 48 - 35 
255 0 0 1  - 49 - 35 
0 0 0 0  - 0 - 36 
255 0 0 2  - 1 - 36 
0 0 0 0  - 2 - 36 
189 19 23 66  - 3 - 36 
231 26 31 238  - 4 - 36 
235 27 32 253  - 5 - 36 
234 40 31 252  - 6 - 36 
235 69 31 253  - 7 - 36 
237 90 29 253  - 8 - 36 
239 108 28 253  - 9 - 36 
240 123 27 253  - 10 - 36 
242 138 25 253  - 11 - 36 
244 149 23 253  - 12 - 36 
245 160 20 253  - 13 - 36 
247 171 16 253  - 14 - 36 
249 182 13 253  - 15 - 36 
251 190 8 253  - 16 - 36 
252 197 3 253  - 17 - 36 
252 205 0 253  - 18 - 36 
252 211 0 253  - 19 - 36 
252 215 0 253  - 20 - 36 
252 219 0 253  - 21 - 36 
252 222 0 253  - 22 - 36 
252 224 0 253  - 23 - 36 
252 226 0 253  - 24 - 36 
252 226 0 253  - 25 - 36 
252 224 0 253  - 26 - 36 
252 222 0 253  - 27 - 36 
252 217 0 253  - 28 - 36 
252 214 0 253  - 29 - 36 
252 209 0 253  - 30 - 36 
252 202 1 253  - 31 - 36 
252 195 5 253  - 32 - 36 
250 188 10 253  - 33 - 36 
249 178 14 253  - 34 - 36 
247 168 18 253  - 35 - 36 
245 157 21 253  - 36 - 36 
243 146 24 253  - 37 - 36 
242 134 26 253  - 38 - 36 
240 119 28 253  - 39 - 36 
238 103 29 253  - 40 - 36 
236 84 30 253  - 41 - 36 
234 60 31 253  - 42 - 36 
234 33 31 252  - 43 - 36 
235 27 32 253  - 44 - 36 
232 26 30 241  - 45 - 36 
198 18 22 68  - 46 - 36 
0 0 0 0  - 47 - 36 
255 0 0 2  - 48 - 36 
0 0 0 0  - 49 - 36 
0 0 0 0  - 0 - 37 
0 0 0 0  - 1 - 37 
255 0 0 1  - 2 - 37 
0 0 0 2  - 3 - 37 
212 23 28 144  - 4 - 37 
238 27 32 255  - 5 - 37 
234 33 31 251  - 6 - 37 
234 61 31 253  - 7 - 37 
236 84 30 253  - 8 - 37 
238 102 29 253  - 9 - 37 
240 119 28 253  - 10 - 37 
242 133 26 253  - 11 - 37 
243 144 24 253  - 12 - 37 
244 156 22 253  - 13 - 37 
246 166 18 253  - 14 - 37 
248 176 15 253  - 15 - 37 
250 185 11 253  - 16 - 37 
252 192 6 253  - 17 - 37 
252 199 2 253  - 18 - 37 
252 205 0 253  - 19 - 37 
252 210 0 253  - 20 - 37 
252 214 0 253  - 21 - 37 
252 217 0 253  - 22 - 37 
252 219 0 253  - 23 - 37 
252 220 0 253  - 24 - 37 
252 219 0 253  - 25 - 37 
252 218 0 253  - 26 - 37 
252 216 0 253  - 27 - 37 
252 212 0 253  - 28 - 37 
252 208 0 253  - 29 - 37 
252 204 1 253  - 30 - 37 
252 197 3 253  - 31 - 37 
251 190 7 253  - 32 - 37 
249 183 12 253  - 33 - 37 
248 173 15 253  - 34 - 37 
246 163 19 253  - 35 - 37 
244 152 22 253  - 36 - 37 
243 141 25 253  - 37 - 37 
241 128 27 253  - 38 - 37 
239 113 28 253  - 39 - 37 
238 96 29 253  - 40 - 37 
236 77 31 253  - 41 - 37 
234 52 31 253  - 42 - 37 
234 29 31 251  - 43 - 37 
239 27 32 255  - 44 - 37 
218 24 27 148  - 45 - 37 
0 0 0 3  - 46 - 37 
255 0 0 1  - 47 - 37 
0 0 0 0  - 48 - 37 
0 0 0 0  - 49 - 37 
0 0 0 0  - 0 - 38 
0 0 0 0  - 1 - 38 
127 0 0 2  - 2 - 38 
1 0 0 0  - 3 - 38 
158 17 17 29  - 4 - 38 
224 24 30 201  - 5 - 38 
239 29 33 255  - 6 - 38 
234 51 31 251  - 7 - 38 
235 76 30 253  - 8 - 38 
237 95 29 253  - 9 - 38 
239 112 28 253  - 10 - 38 
241 126 27 253  - 11 - 38 
243 138 25 253  - 12 - 38 
244 149 23 253  - 13 - 38 
245 160 20 253  - 14 - 38 
247 170 16 253  - 15 - 38 
249 178 13 253  - 16 - 38 
250 187 9 253  - 17 - 38 
251 193 6 253  - 18 - 38 
252 199 2 253  - 19 - 38 
252 204 0 253  - 20 - 38 
252 207 0 253  - 21 - 38 
252 210 0 253  - 22 - 38 
252 213 0 253  - 23 - 38 
252 214 0 253  - 24 - 38 
252 213 0 253  - 25 - 38 
252 212 0 253  - 26 - 38 
252 209 0 253  - 27 - 38 
252 206 0 253  - 28 - 38 
252 202 1 253  - 29 - 38 
252 197 4 253  - 30 - 38 
251 191 7 253  - 31 - 38 
250 184 11 253  - 32 - 38 
248 176 14 253  - 33 - 38 
247 166 18 253  - 34 - 38 
245 157 22 253  - 35 - 38 
243 146 24 253  - 36 - 38 
242 135 26 253  - 37 - 38 
240 121 28 253  - 38 - 38 
238 106 29 253  - 39 - 38 
236 89 30 253  - 40 - 38 
235 69 31 253  - 41 - 38 
234 41 31 250  - 42 - 38 
239 27 32 255  - 43 - 38 
227 25 30 204  - 44 - 38 
170 17 17 30  - 45 - 38 
1 0 0 0  - 46 - 38 
127 0 0 2  - 47 - 38 
0 0 0 0  - 48 - 38 
0 0 0 0  - 49 - 38 
0 0 0 0  - 0 - 39 
0 0 0 0  - 1 - 39 
0 0 0 0  - 2 - 39 
255 0 0 2  - 3 - 39 
0 0 0 0  - 4 - 39 
188 19 23 65  - 5 - 39 
230 25 30 231  - 6 - 39 
237 39 32 255  - 7 - 39 
235 67 30 251  - 8 - 39 
237 86 30 253  - 9 - 39 
238 104 29 253  - 10 - 39 
240 118 27 253  - 11 - 39 
242 132 26 253  - 12 - 39 
243 143 25 253  - 13 - 39 
244 153 23 253  - 14 - 39 
246 163 19 253  - 15 - 39 
247 170 16 253  - 16 - 39 
249 179 12 253  - 17 - 39 
250 186 10 253  - 18 - 39 
251 192 7 253  - 19 - 39 
252 197 4 253  - 20 - 39 
252 200 2 253  - 21 - 39 
252 203 1 253  - 22 - 39 
252 205 0 253  - 23 - 39 
252 206 0 253  - 24 - 39 
252 206 0 253  - 25 - 39 
252 204 0 253  - 26 - 39 
252 203 1 253  - 27 - 39 
252 198 2 253  - 28 - 39 
252 195 5 253  - 29 - 39 
251 190 7 253  - 30 - 39 
250 184 10 253  - 31 - 39 
249 176 14 253  - 32 - 39 
247 168 18 253  - 33 - 39 
245 159 21 253  - 34 - 39 
244 150 23 253  - 35 - 39 
242 139 25 253  - 36 - 39 
241 128 27 253  - 37 - 39 
239 114 28 253  - 38 - 39 
237 98 29 253  - 39 - 39 
236 80 30 253  - 40 - 39 
234 58 31 251  - 41 - 39 
236 32 32 255  - 42 - 39 
230 25 30 233  - 43 - 39 
195 22 22 68  - 44 - 39 
0 0 0 0  - 45 - 39 
255 0 0 2  - 46 - 39 
0 0 0 0  - 47 - 39 
0 0 0 0  - 48 - 39 
0 0 0 0  - 49 - 39 
0 0 0 0  - 0 - 40 
0 0 0 0  - 1 - 40 
0 0 0 0  - 2 - 40 
0 0 0 0  - 3 - 40 
255 0 0 2  - 4 - 40 
0 0 0 0  - 5 - 40 
203 18 24 94  - 6 - 40 
231 28 30 242  - 7 - 40 
235 53 32 255  - 8 - 40 
235 77 30 251  - 9 - 40 
237 94 29 253  - 10 - 40 
239 110 28 253  - 11 - 40 
241 122 27 253  - 12 - 40 
242 135 26 253  - 13 - 40 
243 146 24 253  - 14 - 40 
244 155 22 253  - 15 - 40 
246 163 19 253  - 16 - 40 
247 171 16 253  - 17 - 40 
249 177 13 253  - 18 - 40 
250 184 11 253  - 19 - 40 
250 188 9 253  - 20 - 40 
251 191 7 253  - 21 - 40 
251 195 6 253  - 22 - 40 
252 196 4 253  - 23 - 40 
252 198 4 253  - 24 - 40 
252 197 4 253  - 25 - 40 
252 196 5 253  - 26 - 40 
251 194 6 253  - 27 - 40 
251 191 7 253  - 28 - 40 
250 187 9 253  - 29 - 40 
249 182 11 253  - 30 - 40 
248 175 14 253  - 31 - 40 
247 168 17 253  - 32 - 40 
245 160 21 253  - 33 - 40 
244 151 23 253  - 34 - 40 
243 142 25 253  - 35 - 40 
242 131 26 253  - 36 - 40 
240 119 27 253  - 37 - 40 
239 105 29 253  - 38 - 40 
237 89 30 253  - 39 - 40 
235 70 30 251  - 40 - 40 
234 43 32 254  - 41 - 40 
233 26 31 245  - 42 - 40 
208 23 26 98  - 43 - 40 
0 0 0 0  - 44 - 40 
255 0 0 2  - 45 - 40 
0 0 0 0  - 46 - 40 
0 0 0 0  - 47 - 40 
0 0 0 0  - 48 - 40 
0 0 0 0  - 49 - 40 
0 0 0 0  - 0 - 41 
0 0 0 0  - 1 - 41 
0 0 0 0  - 2 - 41 
0 0 0 0  - 3 - 41 
0 0 0 0  - 4 - 41 
255 0 0 2  - 5 - 41 
0 0 0 0  - 6 - 41 
205 21 25 108  - 7 - 41 
232 36 30 244  - 8 - 41 
237 63 31 255  - 9 - 41 
236 84 29 251  - 10 - 41 
238 99 29 253  - 11 - 41 
240 113 28 253  - 12 - 41 
241 126 27 253  - 13 - 41 
243 137 26 253  - 14 - 41 
244 146 24 253  - 15 - 41 
245 154 22 253  - 16 - 41 
246 161 19 253  - 17 - 41 
247 168 16 253  - 18 - 41 
248 174 14 253  - 19 - 41 
249 179 13 253  - 20 - 41 
250 183 11 253  - 21 - 41 
250 186 10 253  - 22 - 41 
251 188 10 253  - 23 - 41 
251 189 9 253  - 24 - 41 
251 188 10 253  - 25 - 41 
251 187 10 253  - 26 - 41 
250 185 10 253  - 27 - 41 
250 181 12 253  - 28 - 41 
249 178 13 253  - 29 - 41 
248 172 15 253  - 30 - 41 
247 166 18 253  - 31 - 41 
246 159 21 253  - 32 - 41 
244 152 23 253  - 33 - 41 
243 143 25 253  - 34 - 41 
242 134 26 253  - 35 - 41 
241 121 27 253  - 36 - 41 
239 109 28 253  - 37 - 41 
237 95 29 253  - 38 - 41 
235 78 30 251  - 39 - 41 
236 55 31 255  - 40 - 41 
233 30 31 246  - 41 - 41 
211 20 27 111  - 42 - 41 
0 0 0 0  - 43 - 41 
255 0 0 2  - 44 - 41 
0 0 0 0  - 45 - 41 
0 0 0 0  - 46 - 41 
0 0 0 0  - 47 - 41 
0 0 0 0  - 48 - 41 
0 0 0 0  - 49 - 41 
0 0 0 0  - 0 - 42 
0 0 0 0  - 1 - 42 
0 0 0 0  - 2 - 42 
0 0 0 0  - 3 - 42 
0 0 0 0  - 4 - 42 
0 0 0 1  - 5 - 42 
255 0 0 1  - 6 - 42 
0 0 0 0  - 7 - 42 
204 25 25 101  - 8 - 42 
232 46 30 235  - 9 - 42 
240 71 31 255  - 10 - 42 
237 88 29 251  - 11 - 42 
239 103 28 252  - 12 - 42 
240 115 28 253  - 13 - 42 
241 126 27 253  - 14 - 42 
243 136 26 253  - 15 - 42 
244 144 24 253  - 16 - 42 
244 152 22 253  - 17 - 42 
246 158 20 253  - 18 - 42 
246 163 18 253  - 19 - 42 
248 168 17 253  - 20 - 42 
248 172 15 253  - 21 - 42 
249 175 14 253  - 22 - 42 
249 177 14 253  - 23 - 42 
249 178 13 253  - 24 - 42 
249 178 14 253  - 25 - 42 
249 177 14 253  - 26 - 42 
248 175 15 253  - 27 - 42 
248 170 16 253  - 28 - 42 
248 167 17 253  - 29 - 42 
246 162 19 253  - 30 - 42 
245 156 21 253  - 31 - 42 
244 149 22 253  - 32 - 42 
243 142 25 253  - 33 - 42 
242 133 26 253  - 34 - 42 
241 123 27 253  - 35 - 42 
240 111 28 253  - 36 - 42 
238 98 29 252  - 37 - 42 
236 83 30 251  - 38 - 42 
239 63 32 255  - 39 - 42 
232 37 31 238  - 40 - 42 
210 22 26 104  - 41 - 42 
0 0 0 0  - 42 - 42 
255 0 0 1  - 43 - 42 
0 0 0 1  - 44 - 42 
0 0 0 0  - 45 - 42 
0 0 0 0  - 46 - 42 
0 0 0 0  - 47 - 42 
0 0 0 0  - 48 - 42 
0 0 0 0  - 49 - 42 
0 0 0 0  - 0 - 43 
0 0 0 0  - 1 - 43 
0 0 0 0  - 2 - 43 
0 0 0 0  - 3 - 43 
0 0 0 0  - 4 - 43 
0 0 0 0  - 5 - 43 
0 0 0 1  - 6 - 43 
255 0 0 1  - 7 - 43 
0 0 0 0  - 8 - 43 
195 29 23 77  - 9 - 43 
227 52 29 213  - 10 - 43 
242 75 31 255  - 11 - 43 
237 89 29 253  - 12 - 43 
238 103 29 251  - 13 - 43 
240 114 28 253  - 14 - 43 
241 124 27 253  - 15 - 43 
242 134 26 253  - 16 - 43 
243 141 24 253  - 17 - 43 
244 147 22 253  - 18 - 43 
244 153 21 253  - 19 - 43 
246 157 21 253  - 20 - 43 
246 160 19 253  - 21 - 43 
247 164 19 253  - 22 - 43 
247 166 18 253  - 23 - 43 
247 167 18 253  - 24 - 43 
247 166 18 253  - 25 - 43 
247 165 18 253  - 26 - 43 
246 163 19 253  - 27 - 43 
246 160 19 253  - 28 - 43 
246 156 21 253  - 29 - 43 
244 151 22 253  - 30 - 43 
243 145 23 253  - 31 - 43 
243 139 24 253  - 32 - 43 
242 132 26 253  - 33 - 43 
240 121 27 253  - 34 - 43 
239 111 28 253  - 35 - 43 
238 99 29 251  - 36 - 43 
236 84 29 253  - 37 - 43 
241 68 31 255  - 38 - 43 
228 43 29 215  - 39 - 43 
200 22 25 79  - 40 - 43 
0 0 0 0  - 41 - 43 
255 0 0 1  - 42 - 43 
0 0 0 1  - 43 - 43 
0 0 0 0  - 44 - 43 
0 0 0 0  - 45 - 43 
0 0 0 0  - 46 - 43 
0 0 0 0  - 47 - 43 
0 0 0 0  - 48 - 43 
0 0 0 0  - 49 - 43 
0 0 0 0  - 0 - 44 
0 0 0 0  - 1 - 44 
0 0 0 0  - 2 - 44 
0 0 0 0  - 3 - 44 
0 0 0 0  - 4 - 44 
0 0 0 0  - 5 - 44 
0 0 0 0  - 6 - 44 
0 0 0 1  - 7 - 44 
255 0 0 1  - 8 - 44 
0 0 0 0  - 9 - 44 
172 31 19 40  - 10 - 44 
221 55 27 165  - 11 - 44 
234 73 30 251  - 12 - 44 
243 91 31 255  - 13 - 44 
239 102 29 251  - 14 - 44 
239 112 28 251  - 15 - 44 
241 121 27 252  - 16 - 44 
242 129 26 253  - 17 - 44 
242 136 25 253  - 18 - 44 
243 141 24 253  - 19 - 44 
243 145 23 253  - 20 - 44 
244 148 22 253  - 21 - 44 
244 152 22 253  - 22 - 44 
245 154 21 253  - 23 - 44 
245 154 21 253  - 24 - 44 
245 154 21 253  - 25 - 44 
244 153 21 253  - 26 - 44 
244 151 22 253  - 27 - 44 
244 148 23 253  - 28 - 44 
243 144 23 253  - 29 - 44 
243 140 24 253  - 30 - 44 
242 134 25 253  - 31 - 44 
241 126 27 253  - 32 - 44 
240 118 28 253  - 33 - 44 
239 109 28 251  - 34 - 44 
239 98 29 251  - 35 - 44 
242 86 31 255  - 36 - 44 
235 68 30 251  - 37 - 44 
221 48 28 168  - 38 - 44 
176 24 24 42  - 39 - 44 
0 0 0 0  - 40 - 44 
255 0 0 1  - 41 - 44 
0 0 0 1  - 42 - 44 
0 0 0 0  - 43 - 44 
0 0 0 0  - 44 - 44 
0 0 0 0  - 45 - 44 
0 0 0 0  - 46 - 44 
0 0 0 0  - 47 - 44 
0 0 0 0  - 48 - 44 
0 0 0 0  - 49 - 44 
0 0 0 0  - 0 - 45 
0 0 0 0  - 1 - 45 
0 0 0 0  - 2 - 45 
0 0 0 0  - 3 - 45 
0 0 0 0  - 4 - 45 
0 0 0 0  - 5 - 45 
0 0 0 0  - 6 - 45 
0 0 0 0  - 7 - 45 
0 0 0 0  - 8 - 45 
255 0 0 2  - 9 - 45 
0 0 0 0  - 10 - 45 
0 0 0 6  - 11 - 45 
207 56 25 91  - 12 - 45 
231 71 29 202  - 13 - 45 
239 86 30 255  - 14 - 45 
245 100 30 255  - 15 - 45 
239 107 29 253  - 16 - 45 
241 116 27 250  - 17 - 45 
241 123 27 251  - 18 - 45 
242 128 26 252  - 19 - 45 
242 133 25 253  - 20 - 45 
243 137 25 253  - 21 - 45 
243 140 24 253  - 22 - 45 
243 141 24 253  - 23 - 45 
243 141 24 253  - 24 - 45 
243 142 24 253  - 25 - 45 
243 141 24 253  - 26 - 45 
243 139 25 253  - 27 - 45 
243 136 25 253  - 28 - 45 
242 132 26 253  - 29 - 45 
242 127 26 252  - 30 - 45 
241 121 27 251  - 31 - 45 
240 114 27 250  - 32 - 45 
239 105 29 253  - 33 - 45 
244 96 30 255  - 34 - 45 
240 82 30 255  - 35 - 45 
230 67 30 204  - 36 - 45 
208 48 27 94  - 37 - 45 
36 0 0 7  - 38 - 45 
0 0 0 0  - 39 - 45 
255 0 0 2  - 40 - 45 
0 0 0 0  - 41 - 45 
0 0 0 0  - 42 - 45 
0 0 0 0  - 43 - 45 
0 0 0 0  - 44 - 45 
0 0 0 0  - 45 - 45 
0 0 0 0  - 46 - 45 
0 0 0 0  - 47 - 45 
0 0 0 0  - 48 - 45 
0 0 0 0  - 49 - 45 
0 0 0 0  - 0 - 46 
0 0 0 0  - 1 - 46 
0 0 0 0  - 2 - 46 
0 0 0 0  - 3 - 46 
0 0 0 0  - 4 - 46 
0 0 0 0  - 5 - 46 
0 0 0 0  - 6 - 46 
0 0 0 0  - 7 - 46 
0 0 0 0  - 8 - 46 
0 0 0 0  - 9 - 46 
127 0 0 2  - 10 - 46 
0 0 0 0  - 11 - 46 
0 0 0 0  - 12 - 46 
155 28 14 18  - 13 - 46 
217 67 27 102  - 14 - 46 
231 80 28 196  - 15 - 46 
236 90 29 251  - 16 - 46 
249 103 31 255  - 17 - 46 
246 111 29 255  - 18 - 46 
241 115 28 254  - 19 - 46 
241 119 27 251  - 20 - 46 
241 123 27 250  - 21 - 46 
241 126 27 250  - 22 - 46 
242 128 26 250  - 23 - 46 
242 129 26 250  - 24 - 46 
242 129 26 250  - 25 - 46 
242 127 26 250  - 26 - 46 
242 125 26 250  - 27 - 46 
241 122 27 250  - 28 - 46 
241 118 27 251  - 29 - 46 
241 113 28 254  - 30 - 46 
246 108 30 255  - 31 - 46 
248 100 30 255  - 32 - 46 
235 88 29 252  - 33 - 46 
230 77 29 198  - 34 - 46 
218 63 26 105  - 35 - 46 
153 25 25 20  - 36 - 46 
0 0 0 0  - 37 - 46 
0 0 0 0  - 38 - 46 
127 0 0 2  - 39 - 46 
0 0 0 0  - 40 - 46 
0 0 0 0  - 41 - 46 
0 0 0 0  - 42 - 46 
0 0 0 0  - 43 - 46 
0 0 0 0  - 44 - 46 
0 0 0 0  - 45 - 46 
0 0 0 0  - 46 - 46 
0 0 0 0  - 47 - 46 
0 0 0 0  - 48 - 46 
0 0 0 0  - 49 - 46 
0 0 0 0  - 0 - 47 
0 0 0 0  - 1 - 47 
0 0 0 0  - 2 - 47 
0 0 0 0  - 3 - 47 
0 0 0 0  - 4 - 47 
0 0 0 0  - 5 - 47 
0 0 0 0  - 6 - 47 
0 0 0 0  - 7 - 47 
0 0 0 0  - 8 - 47 
0 0 0 0  - 9 - 47 
0 0 0 0  - 10 - 47 
0 0 0 1  - 11 - 47 
255 127 0 2  - 12 - 47 
0 0 0 0  - 13 - 47 
0 0 0 0  - 14 - 47 
113 28 0 9  - 15 - 47 
213 71 26 68  - 16 - 47 
228 82 28 145  - 17 - 47 
235 91 28 207  - 18 - 47 
237 97 29 246  - 19 - 47 
247 105 30 255  - 20 - 47 
253 111 30 255  - 21 - 47 
253 115 30 255  - 22 - 47 
253 117 29 255  - 23 - 47 
252 118 29 255  - 24 - 47 
252 118 28 255  - 25 - 47 
253 116 29 255  - 26 - 47 
253 114 30 255  - 27 - 47 
253 110 30 255  - 28 - 47 
246 104 30 255  - 29 - 47 
237 94 29 246  - 30 - 47 
235 87 28 209  - 31 - 47 
230 80 27 146  - 32 - 47 
218 69 29 70  - 33 - 47 
127 25 25 10  - 34 - 47 
0 0 0 0  - 35 - 47 
0 0 0 0  - 36 - 47 
255 127 0 2  - 37 - 47 
0 0 0 1  - 38 - 47 
0 0 0 0  - 39 - 47 
0 0 0 0  - 40 - 47 
0 0 0 0  - 41 - 47 
0 0 0 0  - 42 - 47 
0 0 0 0  - 43 - 47 
0 0 0 0  - 44 - 47 
0 0 0 0  - 45 - 47 
0 0 0 0  - 46 - 47 
0 0 0 0  - 47 - 47 
0 0 0 0  - 48 - 47 
0 0 0 0  - 49 - 47 
0 0 0 0  - 0 - 48 
0 0 0 0  - 1 - 48 
0 0 0 0  - 2 - 48 
0 0 0 0  - 3 - 48 
0 0 0 0  - 4 - 48 
0 0 0 0  - 5 - 48 
0 0 0 0  - 6 - 48 
0 0 0 0  - 7 - 48 
0 0 0 0  - 8 - 48 
0 0 0 0  - 9 - 48 
0 0 0 0  - 10 - 48 
0 0 0 0  - 11 - 48 
0 0 0 0  - 12 - 48 
255 0 0 1  - 13 - 48 
170 85 0 3  - 14 - 48 
0 0 0 0  - 15 - 48 
0 0 0 0  - 16 - 48 
0 0 0 0  - 17 - 48 
159 31 31 8  - 18 - 48 
220 75 28 44  - 19 - 48 
231 88 29 86  - 20 - 48 
238 92 28 124  - 21 - 48 
238 94 31 156  - 22 - 48 
237 95 31 177  - 23 - 48 
236 97 33 189  - 24 - 48 
236 95 33 189  - 25 - 48 
239 96 31 177  - 26 - 48 
237 94 30 157  - 27 - 48 
234 90 30 127  - 28 - 48 
234 85 29 86  - 29 - 48 
226 75 28 44  - 30 - 48 
170 28 28 9  - 31 - 48 
0 0 0 0  - 32 - 48 
0 0 0 0  - 33 - 48 
0 0 0 0  - 34 - 48 
255 127 0 2  - 35 - 48 
255 0 0 1  - 36 - 48 
0 0 0 0  - 37 - 48 
0 0 0 0  - 38 - 48 
0 0 0 0  - 39 - 48 
0 0 0 0  - 40 - 48 
0 0 0 0  - 41 - 48 
0 0 0 0  - 42 - 48 
0 0 0 0  - 43 - 48 
0 0 0 0  - 44 - 48 
0 0 0 0  - 45 - 48 
0 0 0 0  - 46 - 48 
0 0 0 0  - 47 - 48 
0 0 0 0  - 48 - 48 
0 0 0 0  - 49 - 48 
0 0 0 0  - 0 - 49 
0 0 0 0  - 1 - 49 
0 0 0 0  - 2 - 49 
0 0 0 0  - 3 - 49 
0 0 0 0  - 4 - 49 
0 0 0 0  - 5 - 49 
0 0 0 0  - 6 - 49 
0 0 0 0  - 7 - 49 
0 0 0 0  - 8 - 49 
0 0 0 0  - 9 - 49 
0 0 0 0  - 10 - 49 
0 0 0 0  - 11 - 49 
0 0 0 0  - 12 - 49 
0 0 0 0  - 13 - 49 
0 0 0 0  - 14 - 49 
255 0 0 1  - 15 - 49 
170 85 0 3  - 16 - 49 
255 85 0 3  - 17 - 49 
0 0 0 0  - 18 - 49 
0 0 0 0  - 19 - 49 
0 0 0 0  - 20 - 49 
0 0 0 0  - 21 - 49 
0 0 0 0  - 22 - 49 
0 0 0 0  - 23 - 49 
0 0 1 0  - 24 - 49 
0 0 1 0  - 25 - 49 
0 0 0 0  - 26 - 49 
0 0 0 0  - 27 - 49 
0 0 0 0  - 28 - 49 
0 0 0 0  - 29 - 49 
0 0 0 0  - 30 - 49 
0 0 0 0  - 31 - 49 
255 85 0 3  - 32 - 49 
255 85 0 3  - 33 - 49 
255 0 0 1  - 34 - 49 
0 0 0 0  - 35 - 49 
0 0 0 0  - 36 - 49 
0 0 0 0  - 37 - 49 
0 0 0 0  - 38 - 49 
0 0 0 0  - 39 - 49 
0 0 0 0  - 40 - 49 
0 0 0 0  - 41 - 49 
0 0 0 0  - 42 - 49 
0 0 0 0  - 43 - 49 
0 0 0 0  - 44 - 49 
0 0 0 0  - 45 - 49 
0 0 0 0  - 46 - 49 
0 0 0 0  - 47 - 49 
0 0 0 0  - 48 - 49 
0 0 0 0  - 49 - 49 
