0 0 0 0  - 0 - 0 
0 0 0 0  - 1 - 0 
0 0 0 0  - 2 - 0 
0 0 0 0  - 3 - 0 
0 0 0 0  - 4 - 0 
0 0 0 0  - 5 - 0 
255 0 0 1  - 6 - 0 
255 85 85 3  - 7 - 0 
0 2 2 0  - 8 - 0 
0 0 0 0  - 9 - 0 
42 0 0 6  - 10 - 0 
205 0 0 52  - 11 - 0 
221 36 41 99  - 12 - 0 
226 66 70 134  - 13 - 0 
229 82 86 151  - 14 - 0 
229 86 89 151  - 15 - 0 
228 76 79 134  - 16 - 0 
221 51 56 100  - 17 - 0 
202 0 0 53  - 18 - 0 
72 0 0 7  - 19 - 0 
0 0 0 0  - 20 - 0 
0 2 1 0  - 21 - 0 
255 170 170 3  - 22 - 0 
255 0 0 1  - 23 - 0 
0 0 0 0  - 24 - 0 
0 0 0 0  - 25 - 0 
0 0 0 0  - 26 - 0 
0 0 0 0  - 27 - 0 
0 0 0 0  - 28 - 0 
0 0 0 0  - 29 - 0 
0 0 0 0  - 0 - 1 
0 0 0 0  - 1 - 1 
0 0 0 0  - 2 - 1 
0 0 0 0  - 3 - 1 
0 0 0 0  - 4 - 1 
255 0 0 2  - 5 - 1 
0 1 1 0  - 6 - 1 
0 0 0 0  - 7 - 1 
195 0 0 34  - 8 - 1 
224 52 56 126  - 9 - 1 
236 121 125 205  - 10 - 1 
243 171 173 246  - 11 - 1 
253 207 208 255  - 12 - 1 
255 230 230 255  - 13 - 1 
255 239 239 255  - 14 - 1 
255 240 240 255  - 15 - 1 
255 234 234 255  - 16 - 1 
254 216 217 255  - 17 - 1 
244 186 187 246  - 18 - 1 
238 148 149 205  - 19 - 1 
228 86 90 127  - 20 - 1 
196 0 0 35  - 21 - 1 
0 0 0 0  - 22 - 1 
0 2 2 0  - 23 - 1 
255 0 0 2  - 24 - 1 
0 0 0 0  - 25 - 1 
0 0 0 0  - 26 - 1 
0 0 0 0  - 27 - 1 
0 0 0 0  - 28 - 1 
0 0 0 0  - 29 - 1 
0 0 0 0  - 0 - 2 
0 0 0 0  - 1 - 2 
0 0 0 0  - 2 - 2 
0 0 0 0  - 3 - 2 
170 0 0 3  - 4 - 2 
0 1 0 0  - 5 - 2 
156 0 0 13  - 6 - 2 
221 29 35 131  - 7 - 2 
241 131 134 237  - 8 - 2 
255 224 225 255  - 9 - 2 
255 255 255 255  - 10 - 2 
254 255 255 255  - 11 - 2 
255 255 255 251  - 12 - 2 
252 255 255 251  - 13 - 2 
252 255 255 251  - 14 - 2 
252 255 255 251  - 15 - 2 
252 255 255 251  - 16 - 2 
253 255 255 251  - 17 - 2 
254 255 255 255  - 18 - 2 
255 255 255 255  - 19 - 2 
255 241 242 255  - 20 - 2 
243 169 170 238  - 21 - 2 
227 69 73 132  - 22 - 2 
145 0 0 14  - 23 - 2 
0 1 1 0  - 24 - 2 
170 0 0 3  - 25 - 2 
0 0 0 0  - 26 - 2 
0 0 0 0  - 27 - 2 
0 0 0 0  - 28 - 2 
0 0 0 0  - 29 - 2 
0 0 0 0  - 0 - 3 
0 0 0 0  - 1 - 3 
0 0 0 0  - 2 - 3 
170 0 0 3  - 3 - 3 
0 0 0 0  - 4 - 3 
195 0 0 47  - 5 - 3 
230 46 50 201  - 6 - 3 
255 181 179 255  - 7 - 3 
254 255 252 255  - 8 - 3 
251 251 248 250  - 9 - 3 
251 243 240 251  - 10 - 3 
251 241 238 252  - 11 - 3 
251 241 238 253  - 12 - 3 
251 242 239 253  - 13 - 3 
251 242 239 253  - 14 - 3 
251 242 239 253  - 15 - 3 
251 242 239 253  - 16 - 3 
251 241 239 253  - 17 - 3 
251 241 239 252  - 18 - 3 
251 242 239 251  - 19 - 3 
251 248 245 250  - 20 - 3 
254 255 253 255  - 21 - 3 
255 218 216 255  - 22 - 3 
234 89 91 203  - 23 - 3 
196 0 0 48  - 24 - 3 
0 1 1 0  - 25 - 3 
170 0 0 3  - 26 - 3 
0 0 0 0  - 27 - 3 
0 0 0 0  - 28 - 3 
0 0 0 0  - 29 - 3 
0 0 0 0  - 0 - 4 
0 0 0 0  - 1 - 4 
255 0 0 2  - 2 - 4 
0 0 0 0  - 3 - 4 
201 12 20 62  - 4 - 4 
232 32 36 230  - 5 - 4 
254 171 163 255  - 6 - 4 
251 239 227 249  - 7 - 4 
249 220 208 252  - 8 - 4 
249 220 208 253  - 9 - 4 
249 222 210 253  - 10 - 4 
249 222 210 253  - 11 - 4 
249 222 210 253  - 12 - 4 
249 222 210 253  - 13 - 4 
249 222 210 253  - 14 - 4 
249 222 210 253  - 15 - 4 
249 222 210 253  - 16 - 4 
249 222 210 253  - 17 - 4 
249 222 210 253  - 18 - 4 
249 222 210 253  - 19 - 4 
249 221 209 253  - 20 - 4 
249 219 207 252  - 21 - 4 
250 234 221 249  - 22 - 4 
255 209 199 255  - 23 - 4 
235 67 67 232  - 24 - 4 
203 0 3 64  - 25 - 4 
0 1 0 0  - 26 - 4 
170 0 0 3  - 27 - 4 
0 0 0 0  - 28 - 4 
0 0 0 0  - 29 - 4 
0 0 0 0  - 0 - 5 
255 0 0 2  - 1 - 5 
0 0 0 0  - 2 - 5 
201 31 31 48  - 3 - 5 
231 16 23 231  - 4 - 5 
246 108 102 255  - 5 - 5 
248 215 195 250  - 6 - 5 
248 199 181 253  - 7 - 5 
248 202 184 253  - 8 - 5 
248 202 184 253  - 9 - 5 
248 202 184 253  - 10 - 5 
248 202 184 253  - 11 - 5 
248 202 184 253  - 12 - 5 
248 202 184 253  - 13 - 5 
248 202 184 253  - 14 - 5 
248 202 184 253  - 15 - 5 
248 202 184 253  - 16 - 5 
248 202 184 253  - 17 - 5 
248 202 184 253  - 18 - 5 
248 202 184 253  - 19 - 5 
248 202 184 253  - 20 - 5 
248 202 184 253  - 21 - 5 
248 198 180 253  - 22 - 5 
248 214 194 250  - 23 - 5 
249 157 145 255  - 24 - 5 
233 26 30 233  - 25 - 5 
204 20 25 50  - 26 - 5 
0 0 0 0  - 27 - 5 
255 0 0 2  - 28 - 5 
0 0 0 0  - 29 - 5 
127 0 0 2  - 0 - 6 
255 0 0 1  - 1 - 6 
165 15 30 17  - 2 - 6 
227 24 29 207  - 3 - 6 
243 32 37 255  - 4 - 6 
243 156 137 250  - 5 - 6 
247 189 165 253  - 6 - 6 
246 182 160 253  - 7 - 6 
246 184 161 253  - 8 - 6 
247 184 161 253  - 9 - 6 
246 184 161 253  - 10 - 6 
246 184 161 253  - 11 - 6 
246 184 161 253  - 12 - 6 
246 184 161 253  - 13 - 6 
246 184 161 253  - 14 - 6 
246 184 161 253  - 15 - 6 
246 184 161 253  - 16 - 6 
246 184 161 253  - 17 - 6 
246 184 161 253  - 18 - 6 
247 184 161 253  - 19 - 6 
247 184 161 253  - 20 - 6 
246 184 161 253  - 21 - 6 
246 184 161 253  - 22 - 6 
247 184 161 253  - 23 - 6 
245 184 161 250  - 24 - 6 
245 61 60 255  - 25 - 6 
228 18 24 209  - 26 - 6 
195 45 45 17  - 27 - 6 
255 0 0 1  - 28 - 6 
255 0 0 1  - 29 - 6 
255 0 0 2  - 0 - 7 
0 0 0 0  - 1 - 7 
219 25 29 138  - 2 - 7 
247 25 31 255  - 3 - 7 
235 43 44 249  - 4 - 7 
242 154 129 253  - 5 - 7 
244 167 139 253  - 6 - 7 
244 164 137 253  - 7 - 7 
244 165 138 253  - 8 - 7 
244 165 138 253  - 9 - 7 
244 165 138 253  - 10 - 7 
244 165 138 253  - 11 - 7 
245 165 138 253  - 12 - 7 
245 166 138 253  - 13 - 7 
245 166 138 253  - 14 - 7 
245 166 138 253  - 15 - 7 
245 165 138 253  - 16 - 7 
245 165 138 253  - 17 - 7 
244 165 138 253  - 18 - 7 
244 165 138 253  - 19 - 7 
244 165 138 253  - 20 - 7 
244 165 138 253  - 21 - 7 
244 165 138 253  - 22 - 7 
244 164 137 253  - 23 - 7 
244 170 141 253  - 24 - 7 
237 76 69 249  - 25 - 7 
247 21 28 255  - 26 - 7 
224 27 30 140  - 27 - 7 
0 0 0 0  - 28 - 7 
255 0 0 2  - 29 - 7 
0 0 0 0  - 0 - 8 
196 19 26 39  - 1 - 8 
232 27 31 242  - 2 - 8 
237 25 31 253  - 3 - 8 
234 37 39 252  - 4 - 8 
240 134 107 253  - 5 - 8 
242 151 119 253  - 6 - 8 
242 147 117 253  - 7 - 8 
242 148 117 253  - 8 - 8 
243 147 117 253  - 9 - 8 
243 149 117 253  - 10 - 8 
244 152 118 253  - 11 - 8 
245 156 120 253  - 12 - 8 
245 160 121 253  - 13 - 8 
245 162 121 253  - 14 - 8 
245 161 121 253  - 15 - 8 
245 159 121 253  - 16 - 8 
244 156 120 253  - 17 - 8 
244 152 118 253  - 18 - 8 
243 149 117 253  - 19 - 8 
242 147 117 253  - 20 - 8 
242 148 117 253  - 21 - 8 
242 148 117 253  - 22 - 8 
242 147 117 253  - 23 - 8 
242 151 119 253  - 24 - 8 
235 64 58 252  - 25 - 8 
237 21 28 252  - 26 - 8 
234 28 32 243  - 27 - 8 
209 26 26 39  - 28 - 8 
0 0 0 0  - 29 - 8 
0 0 0 0  - 0 - 9 
223 24 30 136  - 1 - 9 
248 29 34 255  - 2 - 9 
234 27 32 250  - 3 - 9 
234 25 30 253  - 4 - 9 
237 96 77 253  - 5 - 9 
241 135 101 253  - 6 - 9 
241 129 97 253  - 7 - 9 
242 132 99 253  - 8 - 9 
242 139 100 253  - 9 - 9 
243 146 102 253  - 10 - 9 
245 153 104 253  - 11 - 9 
245 158 106 253  - 12 - 9 
246 161 107 253  - 13 - 9 
246 163 107 253  - 14 - 9 
246 163 107 253  - 15 - 9 
245 161 107 253  - 16 - 9 
245 157 106 253  - 17 - 9 
244 152 104 253  - 18 - 9 
243 145 102 253  - 19 - 9 
242 137 100 253  - 20 - 9 
241 131 98 253  - 21 - 9 
241 129 98 253  - 22 - 9 
241 133 99 253  - 23 - 9 
239 120 92 253  - 24 - 9 
234 38 39 253  - 25 - 9 
234 24 30 250  - 26 - 9 
248 29 34 255  - 27 - 9 
227 25 29 138  - 28 - 9 
0 0 0 0  - 29 - 9 
162 23 23 11  - 0 - 10 
229 26 31 212  - 1 - 10 
242 28 33 254  - 2 - 10 
234 28 32 251  - 3 - 10 
234 23 30 253  - 4 - 10 
234 47 44 253  - 5 - 10 
238 108 79 253  - 6 - 10 
240 116 81 253  - 7 - 10 
241 128 83 253  - 8 - 10 
243 140 86 253  - 9 - 10 
244 149 88 253  - 10 - 10 
245 156 90 253  - 11 - 10 
246 161 91 253  - 12 - 10 
246 165 92 253  - 13 - 10 
246 167 92 253  - 14 - 10 
246 167 92 253  - 15 - 10 
246 164 92 253  - 16 - 10 
246 160 91 253  - 17 - 10 
245 154 90 253  - 18 - 10 
244 147 88 253  - 19 - 10 
243 138 86 253  - 20 - 10 
241 125 83 253  - 21 - 10 
240 113 80 253  - 22 - 10 
239 114 83 253  - 23 - 10 
235 69 56 253  - 24 - 10 
234 23 30 253  - 25 - 10 
234 28 32 251  - 26 - 10 
241 28 33 254  - 27 - 10 
231 26 30 215  - 28 - 10 
208 23 23 11  - 29 - 10 
211 21 30 59  - 0 - 11 
232 26 31 249  - 1 - 11 
234 27 32 254  - 2 - 11 
234 27 32 252  - 3 - 11 
234 28 32 253  - 4 - 11 
234 23 30 253  - 5 - 11 
235 64 45 253  - 6 - 11 
239 116 66 253  - 7 - 11 
241 131 69 253  - 8 - 11 
243 143 71 253  - 9 - 11 
245 153 73 253  - 10 - 11 
246 161 74 253  - 11 - 11 
247 167 75 253  - 12 - 11 
247 171 76 253  - 13 - 11 
248 174 76 253  - 14 - 11 
248 173 76 253  - 15 - 11 
247 171 75 253  - 16 - 11 
247 166 75 253  - 17 - 11 
245 160 74 253  - 18 - 11 
244 152 72 253  - 19 - 11 
243 141 70 253  - 20 - 11 
241 128 69 253  - 21 - 11 
239 114 67 253  - 22 - 11 
235 75 53 253  - 23 - 11 
234 27 32 253  - 24 - 11 
234 27 32 253  - 25 - 11 
234 27 32 253  - 26 - 11 
234 27 32 254  - 27 - 11 
233 26 31 251  - 28 - 11 
221 25 29 60  - 29 - 11 
221 23 28 107  - 0 - 12 
240 28 33 255  - 1 - 12 
234 27 32 251  - 2 - 12 
234 27 32 253  - 3 - 12 
234 26 32 253  - 4 - 12 
234 35 32 253  - 5 - 12 
235 67 29 253  - 6 - 12 
238 105 37 253  - 7 - 12 
242 134 50 253  - 8 - 12 
243 148 53 253  - 9 - 12 
245 159 55 253  - 10 - 12 
247 168 55 253  - 11 - 12 
248 175 55 253  - 12 - 12 
249 179 55 253  - 13 - 12 
249 182 55 253  - 14 - 12 
249 182 55 253  - 15 - 12 
249 179 55 253  - 16 - 12 
248 174 55 253  - 17 - 12 
247 167 55 253  - 18 - 12 
245 158 54 253  - 19 - 12 
243 146 53 253  - 20 - 12 
242 131 51 253  - 21 - 12 
238 106 42 253  - 22 - 12 
234 62 30 253  - 23 - 12 
234 29 32 253  - 24 - 12 
234 27 32 253  - 25 - 12 
234 27 32 253  - 26 - 12 
234 27 32 251  - 27 - 12 
242 28 33 255  - 28 - 12 
229 25 30 109  - 29 - 12 
224 25 29 140  - 0 - 13 
243 28 33 255  - 1 - 13 
234 27 32 251  - 2 - 13 
234 27 32 253  - 3 - 13 
234 28 32 253  - 4 - 13 
234 58 31 253  - 5 - 13 
237 93 30 253  - 6 - 13 
240 115 27 253  - 7 - 13 
242 136 27 253  - 8 - 13 
245 154 30 253  - 9 - 13 
247 167 30 253  - 10 - 13 
249 177 28 253  - 11 - 13 
250 185 25 253  - 12 - 13 
251 190 23 253  - 13 - 13 
251 193 22 253  - 14 - 13 
251 192 23 253  - 15 - 13 
251 189 23 253  - 16 - 13 
250 184 26 253  - 17 - 13 
249 175 28 253  - 18 - 13 
247 165 30 253  - 19 - 13 
244 152 31 253  - 20 - 13 
242 134 28 253  - 21 - 13 
239 111 27 253  - 22 - 13 
236 87 30 253  - 23 - 13 
234 50 31 253  - 24 - 13 
234 26 32 253  - 25 - 13 
234 27 32 253  - 26 - 13 
235 27 32 250  - 27 - 13 
244 28 33 255  - 28 - 13 
231 26 31 144  - 29 - 13 
225 26 29 155  - 0 - 14 
243 28 33 255  - 1 - 14 
234 27 32 251  - 2 - 14 
234 26 32 253  - 3 - 14 
234 40 32 253  - 4 - 14 
235 80 30 253  - 5 - 14 
239 108 28 253  - 6 - 14 
242 132 27 253  - 7 - 14 
244 149 23 253  - 8 - 14 
246 165 18 253  - 9 - 14 
249 178 13 253  - 10 - 14 
251 190 8 253  - 11 - 14 
252 197 4 253  - 12 - 14 
252 202 1 253  - 13 - 14 
252 206 0 253  - 14 - 14 
252 205 1 253  - 15 - 14 
252 202 2 253  - 16 - 14 
252 196 5 253  - 17 - 14 
251 187 9 253  - 18 - 14 
248 176 14 253  - 19 - 14 
246 162 19 253  - 20 - 14 
243 146 23 253  - 21 - 14 
241 128 27 253  - 22 - 14 
238 104 29 253  - 23 - 14 
235 72 31 253  - 24 - 14 
234 34 32 253  - 25 - 14 
234 26 32 253  - 26 - 14 
235 27 32 250  - 27 - 14 
244 28 33 255  - 28 - 14 
230 25 32 159  - 29 - 14 
224 25 30 152  - 0 - 15 
243 28 33 255  - 1 - 15 
234 27 32 251  - 2 - 15 
234 27 32 253  - 3 - 15 
234 56 31 253  - 4 - 15 
237 94 30 253  - 5 - 15 
240 120 27 253  - 6 - 15 
243 142 24 253  - 7 - 15 
246 161 21 253  - 8 - 15 
249 177 15 253  - 9 - 15 
251 190 9 253  - 10 - 15 
252 202 2 253  - 11 - 15 
252 209 0 253  - 12 - 15 
252 214 0 253  - 13 - 15 
252 218 0 253  - 14 - 15 
252 217 0 253  - 15 - 15 
252 214 0 253  - 16 - 15 
252 208 0 253  - 17 - 15 
252 199 3 253  - 18 - 15 
250 188 10 253  - 19 - 15 
248 174 16 253  - 20 - 15 
245 157 21 253  - 21 - 15 
243 139 25 253  - 22 - 15 
240 116 28 253  - 23 - 15 
236 89 30 253  - 24 - 15 
234 48 31 253  - 25 - 15 
234 25 32 253  - 26 - 15 
235 27 32 250  - 27 - 15 
244 28 33 255  - 28 - 15 
230 25 32 157  - 29 - 15 
223 25 29 131  - 0 - 16 
243 28 33 255  - 1 - 16 
234 26 32 251  - 2 - 16 
234 31 32 253  - 3 - 16 
235 69 31 253  - 4 - 16 
238 104 29 253  - 5 - 16 
241 130 27 253  - 6 - 16 
244 150 23 253  - 7 - 16 
247 169 18 253  - 8 - 16 
250 186 11 253  - 9 - 16 
252 198 3 253  - 10 - 16 
252 210 0 253  - 11 - 16 
252 218 0 253  - 12 - 16 
252 223 0 253  - 13 - 16 
252 226 0 253  - 14 - 16 
252 226 0 253  - 15 - 16 
252 223 0 253  - 16 - 16 
252 217 0 253  - 17 - 16 
252 208 0 253  - 18 - 16 
252 196 4 253  - 19 - 16 
249 183 12 253  - 20 - 16 
247 165 19 253  - 21 - 16 
244 147 24 253  - 22 - 16 
241 125 27 253  - 23 - 16 
237 100 29 253  - 24 - 16 
235 61 31 253  - 25 - 16 
234 27 32 253  - 26 - 16 
235 27 32 250  - 27 - 16 
244 28 33 255  - 28 - 16 
230 26 30 135  - 29 - 16 
219 21 27 93  - 0 - 17 
238 28 32 255  - 1 - 17 
234 26 32 252  - 2 - 17 
234 36 32 253  - 3 - 17 
235 78 30 253  - 4 - 17 
239 110 28 253  - 5 - 17 
242 136 26 253  - 6 - 17 
245 156 22 253  - 7 - 17 
248 175 16 253  - 8 - 17 
251 192 7 253  - 9 - 17 
252 205 1 253  - 10 - 17 
252 216 0 253  - 11 - 17 
252 224 0 253  - 12 - 17 
252 230 0 253  - 13 - 17 
252 233 0 253  - 14 - 17 
252 232 0 253  - 15 - 17 
252 229 0 253  - 16 - 17 
252 223 0 253  - 17 - 17 
252 214 0 253  - 18 - 17 
252 202 1 253  - 19 - 17 
251 189 9 253  - 20 - 17 
248 171 17 253  - 21 - 17 
244 153 23 253  - 22 - 17 
241 132 26 253  - 23 - 17 
238 106 29 253  - 24 - 17 
235 70 31 253  - 25 - 17 
234 31 32 253  - 26 - 17 
234 26 32 252  - 27 - 17 
240 28 33 255  - 28 - 17 
228 24 29 95  - 29 - 17 
200 18 24 42  - 0 - 18 
231 27 31 241  - 1 - 18 
236 26 33 255  - 2 - 18 
234 39 31 252  - 3 - 18 
236 83 30 253  - 4 - 18 
239 114 28 253  - 5 - 18 
242 139 26 253  - 6 - 18 
245 159 21 253  - 7 - 18 
248 178 15 253  - 8 - 18 
251 195 5 253  - 9 - 18 
252 208 0 253  - 10 - 18 
252 220 0 253  - 11 - 18 
252 228 0 253  - 12 - 18 
252 234 0 253  - 13 - 18 
252 237 0 253  - 14 - 18 
252 236 0 253  - 15 - 18 
252 232 0 253  - 16 - 18 
252 227 0 253  - 17 - 18 
252 217 0 253  - 18 - 18 
252 206 1 253  - 19 - 18 
251 192 8 253  - 20 - 18 
248 175 15 253  - 21 - 18 
244 156 22 253  - 22 - 18 
242 135 26 253  - 23 - 18 
239 109 29 253  - 24 - 18 
235 75 31 253  - 25 - 18 
234 33 32 252  - 26 - 18 
236 26 32 254  - 27 - 18 
232 27 31 243  - 28 - 18 
219 23 29 43  - 29 - 18 
85 0 0 3  - 0 - 19 
228 26 30 191  - 1 - 19 
245 27 34 254  - 2 - 19 
234 40 31 250  - 3 - 19 
236 84 30 253  - 4 - 19 
240 114 28 253  - 5 - 19 
243 139 26 253  - 6 - 19 
246 160 21 253  - 7 - 19 
249 179 15 253  - 8 - 19 
251 196 5 253  - 9 - 19 
252 209 0 253  - 10 - 19 
252 220 0 253  - 11 - 19 
252 228 0 253  - 12 - 19 
252 234 0 253  - 13 - 19 
252 237 0 253  - 14 - 19 
252 237 0 253  - 15 - 19 
252 233 0 253  - 16 - 19 
252 227 0 253  - 17 - 19 
252 218 0 253  - 18 - 19 
252 207 1 253  - 19 - 19 
251 193 8 253  - 20 - 19 
248 176 15 253  - 21 - 19 
245 156 22 253  - 22 - 19 
242 135 26 253  - 23 - 19 
239 110 29 253  - 24 - 19 
235 75 31 253  - 25 - 19 
235 33 31 250  - 26 - 19 
244 27 34 254  - 27 - 19 
230 26 30 195  - 28 - 19 
170 0 0 3  - 29 - 19 
0 0 0 0  - 0 - 20 
217 24 29 103  - 1 - 20 
245 27 34 255  - 2 - 20 
233 37 31 251  - 3 - 20 
235 80 30 253  - 4 - 20 
239 112 28 253  - 5 - 20 
242 137 26 253  - 6 - 20 
245 157 21 253  - 7 - 20 
248 176 15 253  - 8 - 20 
251 193 7 253  - 9 - 20 
252 206 0 253  - 10 - 20 
252 217 0 253  - 11 - 20 
252 225 0 253  - 12 - 20 
252 231 0 253  - 13 - 20 
252 234 0 253  - 14 - 20 
252 234 0 253  - 15 - 20 
252 230 0 253  - 16 - 20 
252 224 0 253  - 17 - 20 
252 215 0 253  - 18 - 20 
252 204 1 253  - 19 - 20 
251 190 9 253  - 20 - 20 
248 172 16 253  - 21 - 20 
244 154 22 253  - 22 - 20 
242 133 26 253  - 23 - 20 
238 107 29 253  - 24 - 20 
235 71 31 253  - 25 - 20 
234 31 31 250  - 26 - 20 
246 28 34 255  - 27 - 20 
221 24 28 106  - 28 - 20 
0 0 0 0  - 29 - 20 
255 0 0 1  - 0 - 21 
175 15 15 16  - 1 - 21 
228 24 30 219  - 2 - 21 
240 33 33 254  - 3 - 21 
235 73 30 251  - 4 - 21 
238 106 29 253  - 5 - 21 
242 132 26 253  - 6 - 21 
244 152 23 253  - 7 - 21 
247 171 17 253  - 8 - 21 
251 187 10 253  - 9 - 21 
252 200 2 253  - 10 - 21 
252 212 0 253  - 11 - 21 
252 220 0 253  - 12 - 21 
252 225 0 253  - 13 - 21 
252 228 0 253  - 14 - 21 
252 228 0 253  - 15 - 21 
252 225 0 253  - 16 - 21 
252 218 0 253  - 17 - 21 
252 210 0 253  - 18 - 21 
252 198 3 253  - 19 - 21 
250 185 11 253  - 20 - 21 
247 167 18 253  - 21 - 21 
244 149 23 253  - 22 - 21 
241 128 27 253  - 23 - 21 
238 101 29 253  - 24 - 21 
235 64 30 251  - 25 - 21 
240 29 33 254  - 26 - 21 
229 26 31 222  - 27 - 21 
195 15 30 17  - 28 - 21 
255 0 0 1  - 29 - 21 
255 0 0 3  - 0 - 22 
0 0 0 0  - 1 - 22 
210 22 28 91  - 2 - 22 
240 28 32 255  - 3 - 22 
235 60 31 250  - 4 - 22 
237 97 29 253  - 5 - 22 
241 123 27 253  - 6 - 22 
243 144 24 253  - 7 - 22 
246 163 20 253  - 8 - 22 
249 179 13 253  - 9 - 22 
251 192 6 253  - 10 - 22 
252 203 1 253  - 11 - 22 
252 211 0 253  - 12 - 22 
252 216 0 253  - 13 - 22 
252 220 0 253  - 14 - 22 
252 219 0 253  - 15 - 22 
252 216 0 253  - 16 - 22 
252 210 0 253  - 17 - 22 
252 202 2 253  - 18 - 22 
251 190 8 253  - 19 - 22 
248 177 14 253  - 20 - 22 
245 159 21 253  - 21 - 22 
243 141 25 253  - 22 - 22 
240 118 28 253  - 23 - 22 
236 91 30 253  - 24 - 22 
235 52 31 250  - 25 - 22 
241 27 32 255  - 26 - 22 
214 24 27 94  - 27 - 22 
0 0 0 0  - 28 - 22 
255 0 0 3  - 29 - 22 
0 0 0 1  - 0 - 23 
255 0 0 2  - 1 - 23 
0 0 0 0  - 2 - 23 
221 22 29 158  - 3 - 23 
248 45 33 255  - 4 - 23 
236 86 29 249  - 5 - 23 
239 112 28 253  - 6 - 23 
242 134 26 253  - 7 - 23 
244 152 23 253  - 8 - 23 
247 168 17 253  - 9 - 23 
249 181 11 253  - 10 - 23 
251 192 6 253  - 11 - 23 
252 200 2 253  - 12 - 23 
252 206 0 253  - 13 - 23 
252 209 0 253  - 14 - 23 
252 208 0 253  - 15 - 23 
252 205 1 253  - 16 - 23 
252 199 3 253  - 17 - 23 
251 191 7 253  - 18 - 23 
249 180 13 253  - 19 - 23 
246 165 19 253  - 20 - 23 
244 148 24 253  - 21 - 23 
242 131 26 253  - 22 - 23 
238 107 29 253  - 23 - 23 
235 77 30 249  - 24 - 23 
248 38 34 255  - 25 - 23 
221 22 28 161  - 26 - 23 
0 0 0 1  - 27 - 23 
255 0 0 2  - 28 - 23 
0 0 0 1  - 29 - 23 
0 0 0 0  - 0 - 24 
255 0 0 1  - 1 - 24 
255 0 0 1  - 2 - 24 
156 0 19 13  - 3 - 24 
225 28 30 187  - 4 - 24 
248 65 33 255  - 5 - 24 
238 98 29 249  - 6 - 24 
240 120 27 252  - 7 - 24 
243 139 25 253  - 8 - 24 
244 154 22 253  - 9 - 24 
247 167 17 253  - 10 - 24 
249 179 13 253  - 11 - 24 
250 186 9 253  - 12 - 24 
251 192 7 253  - 13 - 24 
252 195 6 253  - 14 - 24 
252 194 6 253  - 15 - 24 
251 191 7 253  - 16 - 24 
250 186 10 253  - 17 - 24 
249 177 13 253  - 18 - 24 
247 165 18 253  - 19 - 24 
244 152 23 253  - 20 - 24 
242 136 26 253  - 21 - 24 
240 116 27 252  - 22 - 24 
237 93 29 249  - 23 - 24 
248 57 33 255  - 24 - 24 
228 25 29 189  - 25 - 24 
182 18 18 14  - 26 - 24 
255 0 0 1  - 27 - 24 
255 0 0 1  - 28 - 24 
0 0 0 0  - 29 - 24 
0 0 0 0  - 0 - 25 
0 0 0 0  - 1 - 25 
127 0 0 2  - 2 - 25 
0 0 0 0  - 3 - 25 
170 0 14 18  - 4 - 25 
226 41 28 179  - 5 - 25 
248 78 32 255  - 6 - 25 
239 103 29 253  - 7 - 25 
241 124 27 250  - 8 - 25 
243 139 25 253  - 9 - 25 
244 152 22 253  - 10 - 25 
246 162 19 253  - 11 - 25 
248 169 16 253  - 12 - 25 
249 175 15 253  - 13 - 25 
249 178 14 253  - 14 - 25 
249 178 14 253  - 15 - 25 
248 174 15 253  - 16 - 25 
248 168 16 253  - 17 - 25 
246 160 20 253  - 18 - 25 
244 150 23 253  - 19 - 25 
242 136 26 253  - 20 - 25 
240 120 27 250  - 21 - 25 
238 99 29 253  - 22 - 25 
248 70 33 255  - 23 - 25 
226 33 29 182  - 24 - 25 
174 0 26 19  - 25 - 25 
0 0 0 0  - 26 - 25 
127 0 0 2  - 27 - 25 
0 0 0 0  - 28 - 25 
0 0 0 0  - 29 - 25 
0 0 0 0  - 0 - 26 
0 0 0 0  - 1 - 26 
0 0 0 0  - 2 - 26 
127 0 0 2  - 3 - 26 
0 0 0 0  - 4 - 26 
72 0 0 7  - 5 - 26 
221 52 28 135  - 6 - 26 
236 78 29 250  - 7 - 26 
250 105 31 255  - 8 - 26 
241 119 27 253  - 9 - 26 
243 135 25 249  - 10 - 26 
243 144 23 251  - 11 - 26 
245 150 22 252  - 12 - 26 
245 155 21 253  - 13 - 26 
246 158 20 253  - 14 - 26 
246 158 20 253  - 15 - 26 
245 155 21 253  - 16 - 26 
245 149 22 252  - 17 - 26 
243 142 23 251  - 18 - 26 
242 133 25 249  - 19 - 26 
240 117 28 253  - 20 - 26 
249 101 30 255  - 21 - 26 
236 73 30 250  - 22 - 26 
223 44 27 137  - 23 - 26 
95 0 0 8  - 24 - 26 
0 0 0 0  - 25 - 26 
127 0 0 2  - 26 - 26 
0 0 0 0  - 27 - 26 
0 0 0 0  - 28 - 26 
0 0 0 0  - 29 - 26 
0 0 0 0  - 0 - 27 
0 0 0 0  - 1 - 27 
0 0 0 0  - 2 - 27 
0 0 0 0  - 3 - 27 
255 0 0 1  - 4 - 27 
0 0 0 0  - 5 - 27 
0 0 0 0  - 6 - 27 
212 55 25 60  - 7 - 27 
231 77 29 181  - 8 - 27 
237 94 29 254  - 9 - 27 
255 116 30 255  - 10 - 27 
251 126 29 255  - 11 - 27 
246 131 27 255  - 12 - 27 
242 135 25 254  - 13 - 27 
243 137 25 252  - 14 - 27 
243 138 25 252  - 15 - 27 
242 134 25 254  - 16 - 27 
246 130 27 255  - 17 - 27 
251 124 28 255  - 18 - 27 
254 113 30 255  - 19 - 27 
237 91 30 254  - 20 - 27 
232 74 29 182  - 21 - 27 
209 49 24 62  - 22 - 27 
0 0 0 0  - 23 - 27 
0 0 0 0  - 24 - 27 
255 0 0 1  - 25 - 27 
0 0 0 0  - 26 - 27 
0 0 0 0  - 27 - 27 
0 0 0 0  - 28 - 27 
0 0 0 0  - 29 - 27 
0 0 0 0  - 0 - 28 
0 0 0 0  - 1 - 28 
0 0 0 0  - 2 - 28 
0 0 0 0  - 3 - 28 
0 0 0 0  - 4 - 28 
255 0 0 1  - 5 - 28 
255 127 0 2  - 6 - 28 
0 0 0 0  - 7 - 28 
0 0 0 0  - 8 - 28 
221 70 28 54  - 9 - 28 
232 86 28 135  - 10 - 28 
237 97 28 199  - 11 - 28 
239 104 28 234  - 12 - 28 
240 109 28 251  - 13 - 28 
244 113 29 255  - 14 - 28 
244 113 29 255  - 15 - 28 
239 108 28 252  - 16 - 28 
238 103 29 235  - 17 - 28 
237 94 28 199  - 18 - 28 
232 84 28 136  - 19 - 28 
222 69 27 55  - 20 - 28 
0 0 0 0  - 21 - 28 
0 0 0 0  - 22 - 28 
255 127 0 2  - 23 - 28 
255 0 0 1  - 24 - 28 
0 0 0 0  - 25 - 28 
0 0 0 0  - 26 - 28 
0 0 0 0  - 27 - 28 
0 0 0 0  - 28 - 28 
0 0 0 0  - 29 - 28 
0 0 0 0  - 0 - 29 
0 0 0 0  - 1 - 29 
0 0 0 0  - 2 - 29 
0 0 0 0  - 3 - 29 
0 0 0 0  - 4 - 29 
0 0 0 0  - 5 - 29 
0 0 0 0  - 6 - 29 
170 85 0 3  - 7 - 29 
255 255 0 1  - 8 - 29 
0 0 0 0  - 9 - 29 
0 0 0 0  - 10 - 29 
0 0 0 0  - 11 - 29 
226 75 28 27  - 12 - 29 
236 88 32 55  - 13 - 29 
230 88 38 72  - 14 - 29 
233 88 38 72  - 15 - 29 
232 86 31 56  - 16 - 29 
236 75 28 27  - 17 - 29 
0 0 0 0  - 18 - 29 
0 0 0 0  - 19 - 29 
0 0 0 0  - 20 - 29 
255 255 0 1  - 21 - 29 
170 85 0 3  - 22 - 29 
0 0 0 0  - 23 - 29 
0 0 0 0  - 24 - 29 
0 0 0 0  - 25 - 29 
0 0 0 0  - 26 - 29 
0 0 0 0  - 27 - 29 
0 0 0 0  - 28 - 29 
0 0 0 0  - 29 - 29 
